0,2.5,2.7702702702702697,2.640845070422535,3.5126984126984127,3.3889873043991736,4.041517963359505,4.48186889818689,4.844866250200224,5.2689601801041235,5.3029048133477374,5.4349031920460495,5.6694034697096205,5.65212863450804,5.638050956377107,5.787637122282791,5.857932147623925,6.032741958748017,6.184490609759384,6.317459113773666,6.434930610107358,6.599431123752806,6.62652025277116,6.650177569912089,6.797601883452265,6.808980829185111,6.819148415714029,6.828288302237361,6.83654880690946,6.919100683715272,7.108123286755364,7.281336083742264,7.456136078608043,7.557598394599172,7.7041167805602,7.786084413313693,7.86125811333787,7.986269292176689,8.138710728415173,8.279996412716917,8.383616495449028,8.469233629415411,8.544952787859055,8.618123026823731,8.686013867499797,8.729649616712878,8.783460006990467,8.833776498750074,8.880730707287182,8.89504892888754,8.936032712990142,8.947579269878892,8.958387661796225,8.969925912276233,9.015870846322475,9.05913695868528,9.085442772259622,9.136391499959188,9.149341771405426,9.17074544591959,9.203457250321483,9.213457482439312,9.222915747104329,9.222915747104329,9.222915747104329,9.222915747104329,9.222915747104329,9.222915747104329,9.222915747104329,9.222915747104329,9.222915747104329,9.222915747104329,9.222915747104329,9.222915747104329,9.222915747104329,9.222915747104329,9.222915747104329,9.222915747104329,9.222915747104329,9.222915747104329,9.222915747104329,9.222915747104329,9.222915747104329,9.222915747104329,9.222915747104329,9.222915747104329,9.222915747104329,9.222915747104329,9.222915747104329,9.222915747104329,9.222915747104329,9.222915747104329,9.222915747104329,9.222915747104329,9.222915747104329,9.222915747104329,9.222915747104329,9.222915747104329,9.222915747104329,9.222915747104329,9.222915747104329,9.222915747104329,9.222915747104329,9.222915747104329,9.222915747104329,9.222915747104329,9.222915747104329,9.222915747104329,9.222915747104329,9.222915747104329,9.222915747104329,9.222915747104329,9.222915747104329,9.222915747104329,9.222915747104329,9.222915747104329,9.222915747104329,9.222915747104329,9.222915747104329,9.222915747104329,9.222915747104329,9.222915747104329,9.222915747104329,9.222915747104329,9.222915747104329,9.222915747104329,9.222915747104329,9.222915747104329,9.222915747104329,9.222915747104329,9.222915747104329,9.222915747104329,9.222915747104329,9.222915747104329,9.222915747104329,9.222915747104329,9.222915747104329,9.222915747104329,9.222915747104329,9.222915747104329,9.222915747104329,9.222915747104329,9.222915747104329,9.222915747104329,9.222915747104329,9.222915747104329,9.222915747104329,9.222915747104329,9.222915747104329,9.222915747104329,9.222915747104329,9.222915747104329,9.222915747104329,9.222915747104329,9.222915747104329,9.222915747104329,9.222915747104329,9.222915747104329,9.222915747104329,9.222915747104329,9.222915747104329,9.222915747104329,9.222915747104329,9.222915747104329,9.222915747104329,9.222915747104329,9.222915747104329,9.222915747104329,9.222915747104329,9.222915747104329,9.222915747104329,9.222915747104329,9.222915747104329,9.222915747104329,9.222915747104329,9.222915747104329,9.222915747104329,9.222915747104329,9.222915747104329,9.222915747104329,9.222915747104329,9.222915747104329,9.222915747104329,9.222915747104329,9.222915747104329,9.222915747104329,9.222915747104329,9.222915747104329,9.222915747104329,9.222915747104329,9.222915747104329,9.222915747104329,9.222915747104329,9.222915747104329,9.222915747104329,9.222915747104329,9.222915747104329,9.222915747104329,9.222915747104329,9.222915747104329,9.222915747104329,9.222915747104329,9.222915747104329,9.222915747104329,9.222915747104329,9.222915747104329,9.222915747104329,9.222915747104329,9.222915747104329,9.222915747104329,9.222915747104329,9.222915747104329,9.222915747104329,9.222915747104329,9.222915747104329,9.222915747104329,9.222915747104329,9.222915747104329,9.222915747104329,9.222915747104329,9.222915747104329,9.222915747104329,9.222915747104329,9.222915747104329,9.222915747104329,9.222915747104329,9.222915747104329,9.222915747104329,9.222915747104329,9.222915747104329,9.222915747104329,9.222915747104329,9.222915747104329,9.222915747104329,9.222915747104329,9.222915747104329,9.222915747104329,9.222915747104329,9.222915747104329,9.222915747104329,9.222915747104329,9.222915747104329,9.222915747104329,9.222915747104329,9.222915747104329,9.222915747104329,9.222915747104329,9.222915747104329,9.222915747104329,9.222915747104329,9.222915747104329,9.222915747104329,9.222915747104329,9.222915747104329,9.222915747104329,9.222915747104329,9.222915747104329,9.222915747104329,9.222915747104329,9.222915747104329,9.222915747104329,9.222915747104329,9.222915747104329,9.222915747104329,9.222915747104329,9.222915747104329,9.222915747104329,9.222915747104329,9.222915747104329,9.222915747104329,9.222915747104329,9.222915747104329,9.222915747104329,9.222915747104329,9.222915747104329,9.222915747104329,9.222915747104329,9.222915747104329,9.222915747104329,9.222915747104329,9.222915747104329,9.222915747104329,9.222915747104329,9.222915747104329,9.222915747104329,9.222915747104329,9.222915747104329,9.222915747104329,9.222915747104329,9.222915747104329,9.222915747104329,9.222915747104329,9.222915747104329,9.222915747104329,9.222915747104329,9.222915747104329,9.222915747104329,9.222915747104329,9.222915747104329,9.222915747104329
0,3.6666666666666665,3.528301886792453,3.4742109314857585,3.890752742830517,4.162510499029746,4.303672409619997,4.272615211227922,4.470571728181724,4.289944253589541,4.345525352097094,4.3891241473935665,4.359190138663978,4.459714186577583,4.624937892574549,4.765406436299026,4.886295608442309,4.928605684503689,4.963599318015064,4.993023267112672,5.018109240482973,5.039750698906478,4.98366063059141,4.98366063059141,4.98366063059141,4.98366063059141,4.98366063059141,4.98366063059141,4.98366063059141,4.98366063059141,4.98366063059141,4.98366063059141,4.98366063059141,4.98366063059141,4.98366063059141,4.98366063059141,4.98366063059141,4.98366063059141,4.98366063059141,4.98366063059141,4.98366063059141,4.98366063059141,4.98366063059141,4.98366063059141,4.98366063059141,4.98366063059141,4.98366063059141,4.98366063059141,4.98366063059141,4.98366063059141,4.98366063059141,4.98366063059141,4.98366063059141,4.98366063059141,4.98366063059141,4.98366063059141,4.98366063059141,4.98366063059141,4.98366063059141,4.98366063059141,4.98366063059141,4.98366063059141,4.98366063059141,4.98366063059141,4.98366063059141,4.98366063059141,4.98366063059141,4.98366063059141,4.98366063059141,4.98366063059141,4.98366063059141,4.98366063059141,4.98366063059141,4.98366063059141,4.98366063059141,4.98366063059141,4.98366063059141,4.98366063059141,4.98366063059141,4.98366063059141,4.98366063059141,4.98366063059141,4.98366063059141,4.98366063059141,4.98366063059141,4.98366063059141,4.98366063059141,4.98366063059141,4.98366063059141,4.98366063059141,4.98366063059141,4.98366063059141,4.98366063059141,4.98366063059141,4.98366063059141,4.98366063059141,4.98366063059141,4.98366063059141,4.98366063059141,4.98366063059141,4.98366063059141,4.98366063059141,4.98366063059141,4.98366063059141,4.98366063059141,4.98366063059141,4.98366063059141,4.98366063059141,4.98366063059141,4.98366063059141,4.98366063059141,4.98366063059141,4.98366063059141,4.98366063059141,4.98366063059141,4.98366063059141,4.98366063059141,4.98366063059141,4.98366063059141,4.98366063059141,4.98366063059141,4.98366063059141,4.98366063059141,4.98366063059141,4.98366063059141,4.98366063059141,4.98366063059141,4.98366063059141,4.98366063059141,4.98366063059141,4.98366063059141,4.98366063059141,4.98366063059141,4.98366063059141,4.98366063059141,4.98366063059141,4.98366063059141,4.98366063059141,4.98366063059141,4.98366063059141,4.98366063059141,4.98366063059141,4.98366063059141,4.98366063059141,4.98366063059141,4.98366063059141,4.98366063059141,4.98366063059141,4.98366063059141,4.98366063059141,4.98366063059141,4.98366063059141,4.98366063059141,4.98366063059141,4.98366063059141,4.98366063059141,4.98366063059141,4.98366063059141,4.98366063059141,4.98366063059141,4.98366063059141,4.98366063059141,4.98366063059141,4.98366063059141,4.98366063059141,4.98366063059141,4.98366063059141,4.98366063059141,4.98366063059141,4.98366063059141,4.98366063059141,4.98366063059141,4.98366063059141,4.98366063059141,4.98366063059141,4.98366063059141,4.98366063059141,4.98366063059141,4.98366063059141,4.98366063059141,4.98366063059141,4.98366063059141,4.98366063059141,4.98366063059141,4.98366063059141,4.98366063059141,4.98366063059141,4.98366063059141,4.98366063059141,4.98366063059141,4.98366063059141,4.98366063059141,4.98366063059141,4.98366063059141,4.98366063059141,4.98366063059141,4.98366063059141,4.98366063059141,4.98366063059141,4.98366063059141,4.98366063059141,4.98366063059141,4.98366063059141,4.98366063059141,4.98366063059141,4.98366063059141,4.98366063059141,4.98366063059141,4.98366063059141,4.98366063059141,4.98366063059141,4.98366063059141,4.98366063059141,4.98366063059141,4.98366063059141,4.98366063059141,4.98366063059141,4.98366063059141,4.98366063059141,4.98366063059141,4.98366063059141,4.98366063059141,4.98366063059141,4.98366063059141,4.98366063059141,4.98366063059141,4.98366063059141,4.98366063059141,4.98366063059141,4.98366063059141,4.98366063059141,4.98366063059141,4.98366063059141,4.98366063059141,4.98366063059141,4.98366063059141,4.98366063059141,4.98366063059141,4.98366063059141,4.98366063059141,4.98366063059141,4.98366063059141,4.98366063059141,4.98366063059141,4.98366063059141,4.98366063059141,4.98366063059141,4.98366063059141,4.98366063059141,4.98366063059141,4.98366063059141,4.98366063059141,4.98366063059141,4.98366063059141,4.98366063059141,4.98366063059141,4.98366063059141,4.98366063059141,4.98366063059141,4.98366063059141,4.98366063059141,4.98366063059141,4.98366063059141,4.98366063059141,4.98366063059141,4.98366063059141,4.98366063059141,4.98366063059141,4.98366063059141,4.98366063059141,4.98366063059141,4.98366063059141,4.98366063059141,4.98366063059141,4.98366063059141,4.98366063059141,4.98366063059141,4.98366063059141,4.98366063059141,4.98366063059141,4.98366063059141,4.98366063059141,4.98366063059141,4.98366063059141,4.98366063059141,4.98366063059141,4.98366063059141,4.98366063059141,4.98366063059141,4.98366063059141,4.98366063059141,4.98366063059141,4.98366063059141,4.98366063059141,4.98366063059141,4.98366063059141,4.98366063059141,4.98366063059141,4.98366063059141,4.98366063059141
0,12.5,11.264705882352942,13.075757575757576,12.316326530612244,11.930769230769231,11.697530864197532,11.538095238095238,11.649204607789358,12.476637654603756,12.26759732599292,12.110403031346882,11.987894575543978,11.889732266077836,11.809314586994729,11.742228874050197,11.892286958324695,11.99255138600792,12.096922012796126,12.185294587258502,12.26108557022097,12.370488900994145,12.405072971767256,12.489965070155705,12.563595157813278,12.62806490073091,12.561285032077565,12.54681750034074,12.533940148555239,12.522404460542921,12.498096958978897,12.453440558931629,12.487050059179841,12.517867271695977,12.5462262942081,12.572409968885742,12.569334237928086,12.525589500014053,12.516437360329556,12.515823851118428,12.479396934999134,12.472992037493128,12.473891033494374,12.442825037271092,12.438291649641945,12.445151331845395,12.445151331845395,12.445151331845395,12.445151331845395,12.445151331845395,12.445151331845395,12.445151331845395,12.445151331845395,12.445151331845395,12.445151331845395,12.445151331845395,12.445151331845395,12.445151331845395,12.445151331845395,12.445151331845395,12.445151331845395,12.445151331845395,12.445151331845395,12.445151331845395,12.445151331845395,12.445151331845395,12.445151331845395,12.445151331845395,12.445151331845395,12.445151331845395,12.445151331845395,12.445151331845395,12.445151331845395,12.445151331845395,12.445151331845395,12.445151331845395,12.445151331845395,12.445151331845395,12.445151331845395,12.445151331845395,12.445151331845395,12.445151331845395,12.445151331845395,12.445151331845395,12.445151331845395,12.445151331845395,12.445151331845395,12.445151331845395,12.445151331845395,12.445151331845395,12.445151331845395,12.445151331845395,12.445151331845395,12.445151331845395,12.445151331845395,12.445151331845395,12.445151331845395,12.445151331845395,12.445151331845395,12.445151331845395,12.445151331845395,12.445151331845395,12.445151331845395,12.445151331845395,12.445151331845395,12.445151331845395,12.445151331845395,12.445151331845395,12.445151331845395,12.445151331845395,12.445151331845395,12.445151331845395,12.445151331845395,12.445151331845395,12.445151331845395,12.445151331845395,12.445151331845395,12.445151331845395,12.445151331845395,12.445151331845395,12.445151331845395,12.445151331845395,12.445151331845395,12.445151331845395,12.445151331845395,12.445151331845395,12.445151331845395,12.445151331845395,12.445151331845395,12.445151331845395,12.445151331845395,12.445151331845395,12.445151331845395,12.445151331845395,12.445151331845395,12.445151331845395,12.445151331845395,12.445151331845395,12.445151331845395,12.445151331845395,12.445151331845395,12.445151331845395,12.445151331845395,12.445151331845395,12.445151331845395,12.445151331845395,12.445151331845395,12.445151331845395,12.445151331845395,12.445151331845395,12.445151331845395,12.445151331845395,12.445151331845395,12.445151331845395,12.445151331845395,12.445151331845395,12.445151331845395,12.445151331845395,12.445151331845395,12.445151331845395,12.445151331845395,12.445151331845395,12.445151331845395,12.445151331845395,12.445151331845395,12.445151331845395,12.445151331845395,12.445151331845395,12.445151331845395,12.445151331845395,12.445151331845395,12.445151331845395,12.445151331845395,12.445151331845395,12.445151331845395,12.445151331845395,12.445151331845395,12.445151331845395,12.445151331845395,12.445151331845395,12.445151331845395,12.445151331845395,12.445151331845395,12.445151331845395,12.445151331845395,12.445151331845395,12.445151331845395,12.445151331845395,12.445151331845395,12.445151331845395,12.445151331845395,12.445151331845395,12.445151331845395,12.445151331845395,12.445151331845395,12.445151331845395,12.445151331845395,12.445151331845395,12.445151331845395,12.445151331845395,12.445151331845395,12.445151331845395,12.445151331845395,12.445151331845395,12.445151331845395,12.445151331845395,12.445151331845395,12.445151331845395,12.445151331845395,12.445151331845395,12.445151331845395,12.445151331845395,12.445151331845395,12.445151331845395,12.445151331845395,12.445151331845395,12.445151331845395,12.445151331845395,12.445151331845395,12.445151331845395,12.445151331845395,12.445151331845395,12.445151331845395,12.445151331845395,12.445151331845395,12.445151331845395,12.445151331845395,12.445151331845395,12.445151331845395,12.445151331845395,12.445151331845395,12.445151331845395,12.445151331845395,12.445151331845395,12.445151331845395,12.445151331845395,12.445151331845395,12.445151331845395,12.445151331845395,12.445151331845395,12.445151331845395,12.445151331845395,12.445151331845395,12.445151331845395,12.445151331845395,12.445151331845395,12.445151331845395,12.445151331845395,12.445151331845395,12.445151331845395,12.445151331845395,12.445151331845395,12.445151331845395,12.445151331845395,12.445151331845395,12.445151331845395,12.445151331845395,12.445151331845395,12.445151331845395,12.445151331845395,12.445151331845395,12.445151331845395,12.445151331845395,12.445151331845395,12.445151331845395,12.445151331845395,12.445151331845395,12.445151331845395,12.445151331845395,12.445151331845395,12.445151331845395,12.445151331845395,12.445151331845395,12.445151331845395,12.445151331845395,12.445151331845395,12.445151331845395,12.445151331845395,12.445151331845395,12.445151331845395,12.445151331845395,12.445151331845395,12.445151331845395,12.445151331845395,12.445151331845395,12.445151331845395,12.445151331845395,12.445151331845395,12.445151331845395,12.445151331845395,12.445151331845395,12.445151331845395,12.445151331845395,12.445151331845395,12.445151331845395,12.445151331845395,12.445151331845395,12.445151331845395,12.445151331845395,12.445151331845395
0,6.0,4.632478632478633,4.90895410082769,6.0949263502455,5.855592966704078,5.730714489040706,5.445728529345117,5.534361317342471,5.675069116929583,5.834311060237517,5.959381785668668,6.108663052255163,6.22698296582715,6.450763762128927,6.641123655436039,6.80502936553892,6.6975803430968615,6.608665890889178,6.60003780956582,6.531379531788196,6.472130077763881,6.473917247697084,6.473917247697084,6.473917247697084,6.473917247697084,6.473917247697084,6.473917247697084,6.473917247697084,6.473917247697084,6.473917247697084,6.473917247697084,6.473917247697084,6.473917247697084,6.473917247697084,6.473917247697084,6.473917247697084,6.473917247697084,6.473917247697084,6.473917247697084,6.473917247697084,6.473917247697084,6.473917247697084,6.473917247697084,6.473917247697084,6.473917247697084,6.473917247697084,6.473917247697084,6.473917247697084,6.473917247697084,6.473917247697084,6.473917247697084,6.473917247697084,6.473917247697084,6.473917247697084,6.473917247697084,6.473917247697084,6.473917247697084,6.473917247697084,6.473917247697084,6.473917247697084,6.473917247697084,6.473917247697084,6.473917247697084,6.473917247697084,6.473917247697084,6.473917247697084,6.473917247697084,6.473917247697084,6.473917247697084,6.473917247697084,6.473917247697084,6.473917247697084,6.473917247697084,6.473917247697084,6.473917247697084,6.473917247697084,6.473917247697084,6.473917247697084,6.473917247697084,6.473917247697084,6.473917247697084,6.473917247697084,6.473917247697084,6.473917247697084,6.473917247697084,6.473917247697084,6.473917247697084,6.473917247697084,6.473917247697084,6.473917247697084,6.473917247697084,6.473917247697084,6.473917247697084,6.473917247697084,6.473917247697084,6.473917247697084,6.473917247697084,6.473917247697084,6.473917247697084,6.473917247697084,6.473917247697084,6.473917247697084,6.473917247697084,6.473917247697084,6.473917247697084,6.473917247697084,6.473917247697084,6.473917247697084,6.473917247697084,6.473917247697084,6.473917247697084,6.473917247697084,6.473917247697084,6.473917247697084,6.473917247697084,6.473917247697084,6.473917247697084,6.473917247697084,6.473917247697084,6.473917247697084,6.473917247697084,6.473917247697084,6.473917247697084,6.473917247697084,6.473917247697084,6.473917247697084,6.473917247697084,6.473917247697084,6.473917247697084,6.473917247697084,6.473917247697084,6.473917247697084,6.473917247697084,6.473917247697084,6.473917247697084,6.473917247697084,6.473917247697084,6.473917247697084,6.473917247697084,6.473917247697084,6.473917247697084,6.473917247697084,6.473917247697084,6.473917247697084,6.473917247697084,6.473917247697084,6.473917247697084,6.473917247697084,6.473917247697084,6.473917247697084,6.473917247697084,6.473917247697084,6.473917247697084,6.473917247697084,6.473917247697084,6.473917247697084,6.473917247697084,6.473917247697084,6.473917247697084,6.473917247697084,6.473917247697084,6.473917247697084,6.473917247697084,6.473917247697084,6.473917247697084,6.473917247697084,6.473917247697084,6.473917247697084,6.473917247697084,6.473917247697084,6.473917247697084,6.473917247697084,6.473917247697084,6.473917247697084,6.473917247697084,6.473917247697084,6.473917247697084,6.473917247697084,6.473917247697084,6.473917247697084,6.473917247697084,6.473917247697084,6.473917247697084,6.473917247697084,6.473917247697084,6.473917247697084,6.473917247697084,6.473917247697084,6.473917247697084,6.473917247697084,6.473917247697084,6.473917247697084,6.473917247697084,6.473917247697084,6.473917247697084,6.473917247697084,6.473917247697084,6.473917247697084,6.473917247697084,6.473917247697084,6.473917247697084,6.473917247697084,6.473917247697084,6.473917247697084,6.473917247697084,6.473917247697084,6.473917247697084,6.473917247697084,6.473917247697084,6.473917247697084,6.473917247697084,6.473917247697084,6.473917247697084,6.473917247697084,6.473917247697084,6.473917247697084,6.473917247697084,6.473917247697084,6.473917247697084,6.473917247697084,6.473917247697084,6.473917247697084,6.473917247697084,6.473917247697084,6.473917247697084,6.473917247697084,6.473917247697084,6.473917247697084,6.473917247697084,6.473917247697084,6.473917247697084,6.473917247697084,6.473917247697084,6.473917247697084,6.473917247697084,6.473917247697084,6.473917247697084,6.473917247697084,6.473917247697084,6.473917247697084,6.473917247697084,6.473917247697084,6.473917247697084,6.473917247697084,6.473917247697084,6.473917247697084,6.473917247697084,6.473917247697084,6.473917247697084,6.473917247697084,6.473917247697084,6.473917247697084,6.473917247697084,6.473917247697084,6.473917247697084,6.473917247697084,6.473917247697084,6.473917247697084,6.473917247697084,6.473917247697084,6.473917247697084,6.473917247697084,6.473917247697084,6.473917247697084,6.473917247697084,6.473917247697084,6.473917247697084,6.473917247697084,6.473917247697084,6.473917247697084,6.473917247697084,6.473917247697084,6.473917247697084,6.473917247697084,6.473917247697084,6.473917247697084,6.473917247697084,6.473917247697084,6.473917247697084,6.473917247697084,6.473917247697084,6.473917247697084,6.473917247697084,6.473917247697084,6.473917247697084,6.473917247697084,6.473917247697084,6.473917247697084,6.473917247697084,6.473917247697084,6.473917247697084,6.473917247697084,6.473917247697084,6.473917247697084,6.473917247697084,6.473917247697084,6.473917247697084,6.473917247697084,6.473917247697084
0,5.0,5.115384615384615,5.136363636363637,5.394736842105263,5.5,5.5,5.5,5.5,5.5,5.5,5.5,5.5,5.5,5.5,5.5,5.5,5.5,5.5,5.5,5.5,5.5,5.5,5.5,5.5,5.5,5.5,5.5,5.5,5.5,5.5,5.5,5.5,5.5,5.5,5.5,5.5,5.5,5.5,5.5,5.5,5.5,5.5,5.5,5.5,5.5,5.5,5.5,5.5,5.5,5.5,5.5,5.5,5.5,5.5,5.5,5.5,5.5,5.5,5.5,5.5,5.5,5.5,5.5,5.5,5.5,5.5,5.5,5.5,5.5,5.5,5.5,5.5,5.5,5.5,5.5,5.5,5.5,5.5,5.5,5.5,5.5,5.5,5.5,5.5,5.5,5.5,5.5,5.5,5.5,5.5,5.5,5.5,5.5,5.5,5.5,5.5,5.5,5.5,5.5,5.5,5.5,5.5,5.5,5.5,5.5,5.5,5.5,5.5,5.5,5.5,5.5,5.5,5.5,5.5,5.5,5.5,5.5,5.5,5.5,5.5,5.5,5.5,5.5,5.5,5.5,5.5,5.5,5.5,5.5,5.5,5.5,5.5,5.5,5.5,5.5,5.5,5.5,5.5,5.5,5.5,5.5,5.5,5.5,5.5,5.5,5.5,5.5,5.5,5.5,5.5,5.5,5.5,5.5,5.5,5.5,5.5,5.5,5.5,5.5,5.5,5.5,5.5,5.5,5.5,5.5,5.5,5.5,5.5,5.5,5.5,5.5,5.5,5.5,5.5,5.5,5.5,5.5,5.5,5.5,5.5,5.5,5.5,5.5,5.5,5.5,5.5,5.5,5.5,5.5,5.5,5.5,5.5,5.5,5.5,5.5,5.5,5.5,5.5,5.5,5.5,5.5,5.5,5.5,5.5,5.5,5.5,5.5,5.5,5.5,5.5,5.5,5.5,5.5,5.5,5.5,5.5,5.5,5.5,5.5,5.5,5.5,5.5,5.5,5.5,5.5,5.5,5.5,5.5,5.5,5.5,5.5,5.5,5.5,5.5,5.5,5.5,5.5,5.5,5.5,5.5,5.5,5.5,5.5,5.5,5.5,5.5,5.5,5.5,5.5,5.5,5.5,5.5,5.5,5.5,5.5,5.5,5.5,5.5,5.5,5.5,5.5,5.5,5.5,5.5,5.5,5.5,5.5,5.5,5.5,5.5,5.5,5.5,5.5,5.5,5.5,5.5,5.5,5.5,5.5,5.5,5.5,5.5,5.5,5.5,5.5,5.5,5.5,5.5,5.5,5.5,5.5,5.5,5.5,5.5,5.5,5.5,5.5,5.5,5.5
0,2.0,2.7714285714285714,4.552238805970149,5.181818181818182,5.5038167938931295,5.947368421052632,6.009756097560976,6.368200836820083,6.696864111498257,6.859701492537313,7.0861618798955615,7.225058004640371,7.286012526096034,7.411764705882353,7.488695652173913,7.515248796147673,7.597615499254844,7.668984700973574,7.668984700973574,7.668984700973574,7.668984700973574,7.668984700973574,7.668984700973574,7.668984700973574,7.668984700973574,7.668984700973574,7.668984700973574,7.668984700973574,7.668984700973574,7.668984700973574,7.668984700973574,7.668984700973574,7.668984700973574,7.668984700973574,7.668984700973574,7.668984700973574,7.668984700973574,7.668984700973574,7.668984700973574,7.668984700973574,7.668984700973574,7.668984700973574,7.668984700973574,7.668984700973574,7.668984700973574,7.668984700973574,7.668984700973574,7.668984700973574,7.668984700973574,7.668984700973574,7.668984700973574,7.668984700973574,7.668984700973574,7.668984700973574,7.668984700973574,7.668984700973574,7.668984700973574,7.668984700973574,7.668984700973574,7.668984700973574,7.668984700973574,7.668984700973574,7.668984700973574,7.668984700973574,7.668984700973574,7.668984700973574,7.668984700973574,7.668984700973574,7.668984700973574,7.668984700973574,7.668984700973574,7.668984700973574,7.668984700973574,7.668984700973574,7.668984700973574,7.668984700973574,7.668984700973574,7.668984700973574,7.668984700973574,7.668984700973574,7.668984700973574,7.668984700973574,7.668984700973574,7.668984700973574,7.668984700973574,7.668984700973574,7.668984700973574,7.668984700973574,7.668984700973574,7.668984700973574,7.668984700973574,7.668984700973574,7.668984700973574,7.668984700973574,7.668984700973574,7.668984700973574,7.668984700973574,7.668984700973574,7.668984700973574,7.668984700973574,7.668984700973574,7.668984700973574,7.668984700973574,7.668984700973574,7.668984700973574,7.668984700973574,7.668984700973574,7.668984700973574,7.668984700973574,7.668984700973574,7.668984700973574,7.668984700973574,7.668984700973574,7.668984700973574,7.668984700973574,7.668984700973574,7.668984700973574,7.668984700973574,7.668984700973574,7.668984700973574,7.668984700973574,7.668984700973574,7.668984700973574,7.668984700973574,7.668984700973574,7.668984700973574,7.668984700973574,7.668984700973574,7.668984700973574,7.668984700973574,7.668984700973574,7.668984700973574,7.668984700973574,7.668984700973574,7.668984700973574,7.668984700973574,7.668984700973574,7.668984700973574,7.668984700973574,7.668984700973574,7.668984700973574,7.668984700973574,7.668984700973574,7.668984700973574,7.668984700973574,7.668984700973574,7.668984700973574,7.668984700973574,7.668984700973574,7.668984700973574,7.668984700973574,7.668984700973574,7.668984700973574,7.668984700973574,7.668984700973574,7.668984700973574,7.668984700973574,7.668984700973574,7.668984700973574,7.668984700973574,7.668984700973574,7.668984700973574,7.668984700973574,7.668984700973574,7.668984700973574,7.668984700973574,7.668984700973574,7.668984700973574,7.668984700973574,7.668984700973574,7.668984700973574,7.668984700973574,7.668984700973574,7.668984700973574,7.668984700973574,7.668984700973574,7.668984700973574,7.668984700973574,7.668984700973574,7.668984700973574,7.668984700973574,7.668984700973574,7.668984700973574,7.668984700973574,7.668984700973574,7.668984700973574,7.668984700973574,7.668984700973574,7.668984700973574,7.668984700973574,7.668984700973574,7.668984700973574,7.668984700973574,7.668984700973574,7.668984700973574,7.668984700973574,7.668984700973574,7.668984700973574,7.668984700973574,7.668984700973574,7.668984700973574,7.668984700973574,7.668984700973574,7.668984700973574,7.668984700973574,7.668984700973574,7.668984700973574,7.668984700973574,7.668984700973574,7.668984700973574,7.668984700973574,7.668984700973574,7.668984700973574,7.668984700973574,7.668984700973574,7.668984700973574,7.668984700973574,7.668984700973574,7.668984700973574,7.668984700973574,7.668984700973574,7.668984700973574,7.668984700973574,7.668984700973574,7.668984700973574,7.668984700973574,7.668984700973574,7.668984700973574,7.668984700973574,7.668984700973574,7.668984700973574,7.668984700973574,7.668984700973574,7.668984700973574,7.668984700973574,7.668984700973574,7.668984700973574,7.668984700973574,7.668984700973574,7.668984700973574,7.668984700973574,7.668984700973574,7.668984700973574,7.668984700973574,7.668984700973574,7.668984700973574,7.668984700973574,7.668984700973574,7.668984700973574,7.668984700973574,7.668984700973574,7.668984700973574,7.668984700973574,7.668984700973574,7.668984700973574,7.668984700973574,7.668984700973574,7.668984700973574,7.668984700973574,7.668984700973574,7.668984700973574,7.668984700973574,7.668984700973574,7.668984700973574,7.668984700973574,7.668984700973574,7.668984700973574,7.668984700973574,7.668984700973574,7.668984700973574,7.668984700973574,7.668984700973574,7.668984700973574,7.668984700973574,7.668984700973574,7.668984700973574,7.668984700973574,7.668984700973574,7.668984700973574,7.668984700973574,7.668984700973574,7.668984700973574,7.668984700973574,7.668984700973574,7.668984700973574,7.668984700973574,7.668984700973574,7.668984700973574,7.668984700973574,7.668984700973574,7.668984700973574,7.668984700973574,7.668984700973574,7.668984700973574,7.668984700973574,7.668984700973574,7.668984700973574,7.668984700973574,7.668984700973574
0,4.0,3.6296296296296298,4.186084142394822,4.414258188824663,4.414258188824663,4.414258188824663,4.414258188824663,4.414258188824663,4.414258188824663,4.414258188824663,4.414258188824663,4.414258188824663,4.414258188824663,4.414258188824663,4.414258188824663,4.414258188824663,4.414258188824663,4.414258188824663,4.414258188824663,4.414258188824663,4.414258188824663,4.414258188824663,4.414258188824663,4.414258188824663,4.414258188824663,4.414258188824663,4.414258188824663,4.414258188824663,4.414258188824663,4.414258188824663,4.414258188824663,4.414258188824663,4.414258188824663,4.414258188824663,4.414258188824663,4.414258188824663,4.414258188824663,4.414258188824663,4.414258188824663,4.414258188824663,4.414258188824663,4.414258188824663,4.414258188824663,4.414258188824663,4.414258188824663,4.414258188824663,4.414258188824663,4.414258188824663,4.414258188824663,4.414258188824663,4.414258188824663,4.414258188824663,4.414258188824663,4.414258188824663,4.414258188824663,4.414258188824663,4.414258188824663,4.414258188824663,4.414258188824663,4.414258188824663,4.414258188824663,4.414258188824663,4.414258188824663,4.414258188824663,4.414258188824663,4.414258188824663,4.414258188824663,4.414258188824663,4.414258188824663,4.414258188824663,4.414258188824663,4.414258188824663,4.414258188824663,4.414258188824663,4.414258188824663,4.414258188824663,4.414258188824663,4.414258188824663,4.414258188824663,4.414258188824663,4.414258188824663,4.414258188824663,4.414258188824663,4.414258188824663,4.414258188824663,4.414258188824663,4.414258188824663,4.414258188824663,4.414258188824663,4.414258188824663,4.414258188824663,4.414258188824663,4.414258188824663,4.414258188824663,4.414258188824663,4.414258188824663,4.414258188824663,4.414258188824663,4.414258188824663,4.414258188824663,4.414258188824663,4.414258188824663,4.414258188824663,4.414258188824663,4.414258188824663,4.414258188824663,4.414258188824663,4.414258188824663,4.414258188824663,4.414258188824663,4.414258188824663,4.414258188824663,4.414258188824663,4.414258188824663,4.414258188824663,4.414258188824663,4.414258188824663,4.414258188824663,4.414258188824663,4.414258188824663,4.414258188824663,4.414258188824663,4.414258188824663,4.414258188824663,4.414258188824663,4.414258188824663,4.414258188824663,4.414258188824663,4.414258188824663,4.414258188824663,4.414258188824663,4.414258188824663,4.414258188824663,4.414258188824663,4.414258188824663,4.414258188824663,4.414258188824663,4.414258188824663,4.414258188824663,4.414258188824663,4.414258188824663,4.414258188824663,4.414258188824663,4.414258188824663,4.414258188824663,4.414258188824663,4.414258188824663,4.414258188824663,4.414258188824663,4.414258188824663,4.414258188824663,4.414258188824663,4.414258188824663,4.414258188824663,4.414258188824663,4.414258188824663,4.414258188824663,4.414258188824663,4.414258188824663,4.414258188824663,4.414258188824663,4.414258188824663,4.414258188824663,4.414258188824663,4.414258188824663,4.414258188824663,4.414258188824663,4.414258188824663,4.414258188824663,4.414258188824663,4.414258188824663,4.414258188824663,4.414258188824663,4.414258188824663,4.414258188824663,4.414258188824663,4.414258188824663,4.414258188824663,4.414258188824663,4.414258188824663,4.414258188824663,4.414258188824663,4.414258188824663,4.414258188824663,4.414258188824663,4.414258188824663,4.414258188824663,4.414258188824663,4.414258188824663,4.414258188824663,4.414258188824663,4.414258188824663,4.414258188824663,4.414258188824663,4.414258188824663,4.414258188824663,4.414258188824663,4.414258188824663,4.414258188824663,4.414258188824663,4.414258188824663,4.414258188824663,4.414258188824663,4.414258188824663,4.414258188824663,4.414258188824663,4.414258188824663,4.414258188824663,4.414258188824663,4.414258188824663,4.414258188824663,4.414258188824663,4.414258188824663,4.414258188824663,4.414258188824663,4.414258188824663,4.414258188824663,4.414258188824663,4.414258188824663,4.414258188824663,4.414258188824663,4.414258188824663,4.414258188824663,4.414258188824663,4.414258188824663,4.414258188824663,4.414258188824663,4.414258188824663,4.414258188824663,4.414258188824663,4.414258188824663,4.414258188824663,4.414258188824663,4.414258188824663,4.414258188824663,4.414258188824663,4.414258188824663,4.414258188824663,4.414258188824663,4.414258188824663,4.414258188824663,4.414258188824663,4.414258188824663,4.414258188824663,4.414258188824663,4.414258188824663,4.414258188824663,4.414258188824663,4.414258188824663,4.414258188824663,4.414258188824663,4.414258188824663,4.414258188824663,4.414258188824663,4.414258188824663,4.414258188824663,4.414258188824663,4.414258188824663,4.414258188824663,4.414258188824663,4.414258188824663,4.414258188824663,4.414258188824663,4.414258188824663,4.414258188824663,4.414258188824663,4.414258188824663,4.414258188824663,4.414258188824663,4.414258188824663,4.414258188824663,4.414258188824663,4.414258188824663,4.414258188824663,4.414258188824663,4.414258188824663,4.414258188824663,4.414258188824663,4.414258188824663,4.414258188824663,4.414258188824663,4.414258188824663,4.414258188824663,4.414258188824663,4.414258188824663,4.414258188824663,4.414258188824663,4.414258188824663,4.414258188824663,4.414258188824663,4.414258188824663,4.414258188824663,4.414258188824663,4.414258188824663,4.414258188824663,4.414258188824663,4.414258188824663,4.414258188824663,4.414258188824663
0,6.5,4.967741935483871,6.489361702127659,5.301724137931035,5.487341772151899,5.595,5.752066115702479,5.858885017421603,6.259878419452888,6.570080862533693,6.817191283292979,7.018681318681319,6.773166023166024,6.580895008605852,6.580895008605852,6.580895008605852,6.580895008605852,6.580895008605852,6.580895008605852,6.580895008605852,6.580895008605852,6.580895008605852,6.580895008605852,6.580895008605852,6.580895008605852,6.580895008605852,6.580895008605852,6.580895008605852,6.580895008605852,6.580895008605852,6.580895008605852,6.580895008605852,6.580895008605852,6.580895008605852,6.580895008605852,6.580895008605852,6.580895008605852,6.580895008605852,6.580895008605852,6.580895008605852,6.580895008605852,6.580895008605852,6.580895008605852,6.580895008605852,6.580895008605852,6.580895008605852,6.580895008605852,6.580895008605852,6.580895008605852,6.580895008605852,6.580895008605852,6.580895008605852,6.580895008605852,6.580895008605852,6.580895008605852,6.580895008605852,6.580895008605852,6.580895008605852,6.580895008605852,6.580895008605852,6.580895008605852,6.580895008605852,6.580895008605852,6.580895008605852,6.580895008605852,6.580895008605852,6.580895008605852,6.580895008605852,6.580895008605852,6.580895008605852,6.580895008605852,6.580895008605852,6.580895008605852,6.580895008605852,6.580895008605852,6.580895008605852,6.580895008605852,6.580895008605852,6.580895008605852,6.580895008605852,6.580895008605852,6.580895008605852,6.580895008605852,6.580895008605852,6.580895008605852,6.580895008605852,6.580895008605852,6.580895008605852,6.580895008605852,6.580895008605852,6.580895008605852,6.580895008605852,6.580895008605852,6.580895008605852,6.580895008605852,6.580895008605852,6.580895008605852,6.580895008605852,6.580895008605852,6.580895008605852,6.580895008605852,6.580895008605852,6.580895008605852,6.580895008605852,6.580895008605852,6.580895008605852,6.580895008605852,6.580895008605852,6.580895008605852,6.580895008605852,6.580895008605852,6.580895008605852,6.580895008605852,6.580895008605852,6.580895008605852,6.580895008605852,6.580895008605852,6.580895008605852,6.580895008605852,6.580895008605852,6.580895008605852,6.580895008605852,6.580895008605852,6.580895008605852,6.580895008605852,6.580895008605852,6.580895008605852,6.580895008605852,6.580895008605852,6.580895008605852,6.580895008605852,6.580895008605852,6.580895008605852,6.580895008605852,6.580895008605852,6.580895008605852,6.580895008605852,6.580895008605852,6.580895008605852,6.580895008605852,6.580895008605852,6.580895008605852,6.580895008605852,6.580895008605852,6.580895008605852,6.580895008605852,6.580895008605852,6.580895008605852,6.580895008605852,6.580895008605852,6.580895008605852,6.580895008605852,6.580895008605852,6.580895008605852,6.580895008605852,6.580895008605852,6.580895008605852,6.580895008605852,6.580895008605852,6.580895008605852,6.580895008605852,6.580895008605852,6.580895008605852,6.580895008605852,6.580895008605852,6.580895008605852,6.580895008605852,6.580895008605852,6.580895008605852,6.580895008605852,6.580895008605852,6.580895008605852,6.580895008605852,6.580895008605852,6.580895008605852,6.580895008605852,6.580895008605852,6.580895008605852,6.580895008605852,6.580895008605852,6.580895008605852,6.580895008605852,6.580895008605852,6.580895008605852,6.580895008605852,6.580895008605852,6.580895008605852,6.580895008605852,6.580895008605852,6.580895008605852,6.580895008605852,6.580895008605852,6.580895008605852,6.580895008605852,6.580895008605852,6.580895008605852,6.580895008605852,6.580895008605852,6.580895008605852,6.580895008605852,6.580895008605852,6.580895008605852,6.580895008605852,6.580895008605852,6.580895008605852,6.580895008605852,6.580895008605852,6.580895008605852,6.580895008605852,6.580895008605852,6.580895008605852,6.580895008605852,6.580895008605852,6.580895008605852,6.580895008605852,6.580895008605852,6.580895008605852,6.580895008605852,6.580895008605852,6.580895008605852,6.580895008605852,6.580895008605852,6.580895008605852,6.580895008605852,6.580895008605852,6.580895008605852,6.580895008605852,6.580895008605852,6.580895008605852,6.580895008605852,6.580895008605852,6.580895008605852,6.580895008605852,6.580895008605852,6.580895008605852,6.580895008605852,6.580895008605852,6.580895008605852,6.580895008605852,6.580895008605852,6.580895008605852,6.580895008605852,6.580895008605852,6.580895008605852,6.580895008605852,6.580895008605852,6.580895008605852,6.580895008605852,6.580895008605852,6.580895008605852,6.580895008605852,6.580895008605852,6.580895008605852,6.580895008605852,6.580895008605852,6.580895008605852,6.580895008605852,6.580895008605852,6.580895008605852,6.580895008605852,6.580895008605852,6.580895008605852,6.580895008605852,6.580895008605852,6.580895008605852,6.580895008605852,6.580895008605852,6.580895008605852,6.580895008605852,6.580895008605852,6.580895008605852,6.580895008605852,6.580895008605852,6.580895008605852,6.580895008605852,6.580895008605852,6.580895008605852,6.580895008605852,6.580895008605852,6.580895008605852,6.580895008605852,6.580895008605852,6.580895008605852,6.580895008605852,6.580895008605852,6.580895008605852,6.580895008605852,6.580895008605852,6.580895008605852,6.580895008605852,6.580895008605852,6.580895008605852,6.580895008605852,6.580895008605852,6.580895008605852,6.580895008605852,6.580895008605852,6.580895008605852,6.580895008605852
0,7.5,6.222222222222222,7.5256410256410255,7.312182741116752,7.22202166064982,7.172268907563025,7.172268907563025,7.172268907563025,7.172268907563025,7.172268907563025,7.172268907563025,7.172268907563025,7.172268907563025,7.172268907563025,7.172268907563025,7.172268907563025,7.172268907563025,7.172268907563025,7.172268907563025,7.172268907563025,7.172268907563025,7.172268907563025,7.172268907563025,7.172268907563025,7.172268907563025,7.172268907563025,7.172268907563025,7.172268907563025,7.172268907563025,7.172268907563025,7.172268907563025,7.172268907563025,7.172268907563025,7.172268907563025,7.172268907563025,7.172268907563025,7.172268907563025,7.172268907563025,7.172268907563025,7.172268907563025,7.172268907563025,7.172268907563025,7.172268907563025,7.172268907563025,7.172268907563025,7.172268907563025,7.172268907563025,7.172268907563025,7.172268907563025,7.172268907563025,7.172268907563025,7.172268907563025,7.172268907563025,7.172268907563025,7.172268907563025,7.172268907563025,7.172268907563025,7.172268907563025,7.172268907563025,7.172268907563025,7.172268907563025,7.172268907563025,7.172268907563025,7.172268907563025,7.172268907563025,7.172268907563025,7.172268907563025,7.172268907563025,7.172268907563025,7.172268907563025,7.172268907563025,7.172268907563025,7.172268907563025,7.172268907563025,7.172268907563025,7.172268907563025,7.172268907563025,7.172268907563025,7.172268907563025,7.172268907563025,7.172268907563025,7.172268907563025,7.172268907563025,7.172268907563025,7.172268907563025,7.172268907563025,7.172268907563025,7.172268907563025,7.172268907563025,7.172268907563025,7.172268907563025,7.172268907563025,7.172268907563025,7.172268907563025,7.172268907563025,7.172268907563025,7.172268907563025,7.172268907563025,7.172268907563025,7.172268907563025,7.172268907563025,7.172268907563025,7.172268907563025,7.172268907563025,7.172268907563025,7.172268907563025,7.172268907563025,7.172268907563025,7.172268907563025,7.172268907563025,7.172268907563025,7.172268907563025,7.172268907563025,7.172268907563025,7.172268907563025,7.172268907563025,7.172268907563025,7.172268907563025,7.172268907563025,7.172268907563025,7.172268907563025,7.172268907563025,7.172268907563025,7.172268907563025,7.172268907563025,7.172268907563025,7.172268907563025,7.172268907563025,7.172268907563025,7.172268907563025,7.172268907563025,7.172268907563025,7.172268907563025,7.172268907563025,7.172268907563025,7.172268907563025,7.172268907563025,7.172268907563025,7.172268907563025,7.172268907563025,7.172268907563025,7.172268907563025,7.172268907563025,7.172268907563025,7.172268907563025,7.172268907563025,7.172268907563025,7.172268907563025,7.172268907563025,7.172268907563025,7.172268907563025,7.172268907563025,7.172268907563025,7.172268907563025,7.172268907563025,7.172268907563025,7.172268907563025,7.172268907563025,7.172268907563025,7.172268907563025,7.172268907563025,7.172268907563025,7.172268907563025,7.172268907563025,7.172268907563025,7.172268907563025,7.172268907563025,7.172268907563025,7.172268907563025,7.172268907563025,7.172268907563025,7.172268907563025,7.172268907563025,7.172268907563025,7.172268907563025,7.172268907563025,7.172268907563025,7.172268907563025,7.172268907563025,7.172268907563025,7.172268907563025,7.172268907563025,7.172268907563025,7.172268907563025,7.172268907563025,7.172268907563025,7.172268907563025,7.172268907563025,7.172268907563025,7.172268907563025,7.172268907563025,7.172268907563025,7.172268907563025,7.172268907563025,7.172268907563025,7.172268907563025,7.172268907563025,7.172268907563025,7.172268907563025,7.172268907563025,7.172268907563025,7.172268907563025,7.172268907563025,7.172268907563025,7.172268907563025,7.172268907563025,7.172268907563025,7.172268907563025,7.172268907563025,7.172268907563025,7.172268907563025,7.172268907563025,7.172268907563025,7.172268907563025,7.172268907563025,7.172268907563025,7.172268907563025,7.172268907563025,7.172268907563025,7.172268907563025,7.172268907563025,7.172268907563025,7.172268907563025,7.172268907563025,7.172268907563025,7.172268907563025,7.172268907563025,7.172268907563025,7.172268907563025,7.172268907563025,7.172268907563025,7.172268907563025,7.172268907563025,7.172268907563025,7.172268907563025,7.172268907563025,7.172268907563025,7.172268907563025,7.172268907563025,7.172268907563025,7.172268907563025,7.172268907563025,7.172268907563025,7.172268907563025,7.172268907563025,7.172268907563025,7.172268907563025,7.172268907563025,7.172268907563025,7.172268907563025,7.172268907563025,7.172268907563025,7.172268907563025,7.172268907563025,7.172268907563025,7.172268907563025,7.172268907563025,7.172268907563025,7.172268907563025,7.172268907563025,7.172268907563025,7.172268907563025,7.172268907563025,7.172268907563025,7.172268907563025,7.172268907563025,7.172268907563025,7.172268907563025,7.172268907563025,7.172268907563025,7.172268907563025,7.172268907563025,7.172268907563025,7.172268907563025,7.172268907563025,7.172268907563025,7.172268907563025,7.172268907563025,7.172268907563025,7.172268907563025,7.172268907563025,7.172268907563025,7.172268907563025,7.172268907563025,7.172268907563025,7.172268907563025,7.172268907563025,7.172268907563025,7.172268907563025,7.172268907563025,7.172268907563025,7.172268907563025,7.172268907563025,7.172268907563025,7.172268907563025,7.172268907563025,7.172268907563025,7.172268907563025,7.172268907563025
0,16.666666666666668,13.161290322580648,15.295081967213116,16.021978021978022,14.28099173553719,13.231788079470197,12.53038674033149,12.557522123893804,12.52029520295203,12.493670886075948,12.515235457063712,12.532019704433496,12.545454545454545,12.628180039138945,12.693520140105079,12.659630340369661,12.630601912619541,12.68174780664029,12.72509137136501,12.762291451350954,12.794567765062734,12.822837191258245,12.847802264702302,12.722001588562353,12.612238393710827,12.564079331521194,12.520711757390227,12.481454479176165,12.430571157003374,12.359000656383333,12.3766991056302,12.349759660875824,12.324860711554575,12.301778884951412,12.269384869196331,12.2193915489315,12.237850701402813,12.255183509911667,12.27149001355094,12.28685874510029,12.301368339081105,12.315088877465442,12.328083021650956,12.318030945207584,12.274245185440583,12.259886466631691,12.252655010898303,12.214872324193337,12.203460750555731,12.198275495901123,12.165189795161362,12.156000481482973,12.167742440245673,12.135136158769843,12.132985899355035,12.130100703295913,12.103540025726424,12.097053606791691,12.095088660559131,12.0710909060961,12.065709080943403,12.064462051841664,12.04261570100973,12.038126411177286,12.049293157527023,12.027207727226587,12.02755636529265,12.053782637804067,12.032926297426956,12.013003623960781,12.037858188663463,12.018624641833815,12.000200360649172,12.023814209801225,12.00597763208639,11.988848988848993,12.019644180874726,12.013796859399115,12.035009377511837,12.018585079337253,12.002754583799607,12.023056709332884,12.007662197051724,11.992796922321359,12.012261030894575,11.997779011660192,11.983771553405637,12.009365164658021,12.004678539088443,12.029119001634234,12.032987884980297,12.056210465784938,12.059496890898815,12.081604233393682,12.084372003835094,12.095231671949824,12.103464264423398,12.123603580061413,12.125554769408891,12.144824522434476,12.146402450459462,12.164867032763622,12.166109320848788,12.174664107485606,12.180734269861883,12.179955767663836,12.185766674306672,12.184942346823425,12.190513305867945,12.189649489067136,12.194997834560418,12.193741193126801,12.194146187319374,12.193283101787143,12.198299792923498,12.197408502796057,12.202241645372704,12.201326081454,12.205987535107015,12.204724693870181,12.204949306455259,12.202351753840379,12.198428609504829,12.195975873553618,12.192226380111475,12.189907631822905,12.186319843731034,12.183350953102353,12.179815397208342,12.18237982587526,12.177781210071219,12.174534624933285,12.17012540433486,12.16703433074562,12.162802519635061,12.159856687301136,12.157471579259523,12.154549897975617,12.152764176575173,12.149305895784424,12.148749066498524,12.14708794917371,12.14380693503742,12.143328419642415,12.141779720133416,12.138660669230461,12.138251767576351,12.137502558780119,12.137502558780119,12.137502558780119,12.137502558780119,12.137502558780119,12.137502558780119,12.137502558780119,12.137502558780119,12.137502558780119,12.137502558780119,12.137502558780119,12.137502558780119,12.137502558780119,12.137502558780119,12.137502558780119,12.137502558780119,12.137502558780119,12.137502558780119,12.137502558780119,12.137502558780119,12.137502558780119,12.137502558780119,12.137502558780119,12.137502558780119,12.137502558780119,12.137502558780119,12.137502558780119,12.137502558780119,12.137502558780119,12.137502558780119,12.137502558780119,12.137502558780119,12.137502558780119,12.137502558780119,12.137502558780119,12.137502558780119,12.137502558780119,12.137502558780119,12.137502558780119,12.137502558780119,12.137502558780119,12.137502558780119,12.137502558780119,12.137502558780119,12.137502558780119,12.137502558780119,12.137502558780119,12.137502558780119,12.137502558780119,12.137502558780119,12.137502558780119,12.137502558780119,12.137502558780119,12.137502558780119,12.137502558780119,12.137502558780119,12.137502558780119,12.137502558780119,12.137502558780119,12.137502558780119,12.137502558780119,12.137502558780119,12.137502558780119,12.137502558780119,12.137502558780119,12.137502558780119,12.137502558780119,12.137502558780119,12.137502558780119,12.137502558780119,12.137502558780119,12.137502558780119,12.137502558780119,12.137502558780119,12.137502558780119,12.137502558780119,12.137502558780119,12.137502558780119,12.137502558780119,12.137502558780119,12.137502558780119,12.137502558780119,12.137502558780119,12.137502558780119,12.137502558780119,12.137502558780119,12.137502558780119,12.137502558780119,12.137502558780119,12.137502558780119,12.137502558780119,12.137502558780119,12.137502558780119,12.137502558780119,12.137502558780119,12.137502558780119,12.137502558780119,12.137502558780119,12.137502558780119,12.137502558780119,12.137502558780119,12.137502558780119,12.137502558780119,12.137502558780119,12.137502558780119,12.137502558780119,12.137502558780119,12.137502558780119,12.137502558780119,12.137502558780119,12.137502558780119,12.137502558780119,12.137502558780119,12.137502558780119,12.137502558780119,12.137502558780119,12.137502558780119,12.137502558780119,12.137502558780119,12.137502558780119,12.137502558780119,12.137502558780119,12.137502558780119,12.137502558780119,12.137502558780119,12.137502558780119,12.137502558780119,12.137502558780119,12.137502558780119,12.137502558780119,12.137502558780119,12.137502558780119,12.137502558780119,12.137502558780119,12.137502558780119,12.137502558780119,12.137502558780119,12.137502558780119,12.137502558780119,12.137502558780119,12.137502558780119,12.137502558780119,12.137502558780119,12.137502558780119,12.137502558780119,12.137502558780119,12.137502558780119,12.137502558780119,12.137502558780119,12.137502558780119,12.137502558780119,12.137502558780119
0,6.0,5.1724137931034475,5.219653179190751,6.223788772109715,5.634052961820696,5.837631172211828,6.048224871777792,6.194214176958213,6.301373881582164,6.286924076636063,6.405302322102981,6.644842684044394,6.843892738402261,7.011918746239577,7.081873482494843,6.945638581506736,6.833329746249704,6.739152800585639,6.739152800585639,6.739152800585639,6.739152800585639,6.739152800585639,6.739152800585639,6.739152800585639,6.739152800585639,6.739152800585639,6.739152800585639,6.739152800585639,6.739152800585639,6.739152800585639,6.739152800585639,6.739152800585639,6.739152800585639,6.739152800585639,6.739152800585639,6.739152800585639,6.739152800585639,6.739152800585639,6.739152800585639,6.739152800585639,6.739152800585639,6.739152800585639,6.739152800585639,6.739152800585639,6.739152800585639,6.739152800585639,6.739152800585639,6.739152800585639,6.739152800585639,6.739152800585639,6.739152800585639,6.739152800585639,6.739152800585639,6.739152800585639,6.739152800585639,6.739152800585639,6.739152800585639,6.739152800585639,6.739152800585639,6.739152800585639,6.739152800585639,6.739152800585639,6.739152800585639,6.739152800585639,6.739152800585639,6.739152800585639,6.739152800585639,6.739152800585639,6.739152800585639,6.739152800585639,6.739152800585639,6.739152800585639,6.739152800585639,6.739152800585639,6.739152800585639,6.739152800585639,6.739152800585639,6.739152800585639,6.739152800585639,6.739152800585639,6.739152800585639,6.739152800585639,6.739152800585639,6.739152800585639,6.739152800585639,6.739152800585639,6.739152800585639,6.739152800585639,6.739152800585639,6.739152800585639,6.739152800585639,6.739152800585639,6.739152800585639,6.739152800585639,6.739152800585639,6.739152800585639,6.739152800585639,6.739152800585639,6.739152800585639,6.739152800585639,6.739152800585639,6.739152800585639,6.739152800585639,6.739152800585639,6.739152800585639,6.739152800585639,6.739152800585639,6.739152800585639,6.739152800585639,6.739152800585639,6.739152800585639,6.739152800585639,6.739152800585639,6.739152800585639,6.739152800585639,6.739152800585639,6.739152800585639,6.739152800585639,6.739152800585639,6.739152800585639,6.739152800585639,6.739152800585639,6.739152800585639,6.739152800585639,6.739152800585639,6.739152800585639,6.739152800585639,6.739152800585639,6.739152800585639,6.739152800585639,6.739152800585639,6.739152800585639,6.739152800585639,6.739152800585639,6.739152800585639,6.739152800585639,6.739152800585639,6.739152800585639,6.739152800585639,6.739152800585639,6.739152800585639,6.739152800585639,6.739152800585639,6.739152800585639,6.739152800585639,6.739152800585639,6.739152800585639,6.739152800585639,6.739152800585639,6.739152800585639,6.739152800585639,6.739152800585639,6.739152800585639,6.739152800585639,6.739152800585639,6.739152800585639,6.739152800585639,6.739152800585639,6.739152800585639,6.739152800585639,6.739152800585639,6.739152800585639,6.739152800585639,6.739152800585639,6.739152800585639,6.739152800585639,6.739152800585639,6.739152800585639,6.739152800585639,6.739152800585639,6.739152800585639,6.739152800585639,6.739152800585639,6.739152800585639,6.739152800585639,6.739152800585639,6.739152800585639,6.739152800585639,6.739152800585639,6.739152800585639,6.739152800585639,6.739152800585639,6.739152800585639,6.739152800585639,6.739152800585639,6.739152800585639,6.739152800585639,6.739152800585639,6.739152800585639,6.739152800585639,6.739152800585639,6.739152800585639,6.739152800585639,6.739152800585639,6.739152800585639,6.739152800585639,6.739152800585639,6.739152800585639,6.739152800585639,6.739152800585639,6.739152800585639,6.739152800585639,6.739152800585639,6.739152800585639,6.739152800585639,6.739152800585639,6.739152800585639,6.739152800585639,6.739152800585639,6.739152800585639,6.739152800585639,6.739152800585639,6.739152800585639,6.739152800585639,6.739152800585639,6.739152800585639,6.739152800585639,6.739152800585639,6.739152800585639,6.739152800585639,6.739152800585639,6.739152800585639,6.739152800585639,6.739152800585639,6.739152800585639,6.739152800585639,6.739152800585639,6.739152800585639,6.739152800585639,6.739152800585639,6.739152800585639,6.739152800585639,6.739152800585639,6.739152800585639,6.739152800585639,6.739152800585639,6.739152800585639,6.739152800585639,6.739152800585639,6.739152800585639,6.739152800585639,6.739152800585639,6.739152800585639,6.739152800585639,6.739152800585639,6.739152800585639,6.739152800585639,6.739152800585639,6.739152800585639,6.739152800585639,6.739152800585639,6.739152800585639,6.739152800585639,6.739152800585639,6.739152800585639,6.739152800585639,6.739152800585639,6.739152800585639,6.739152800585639,6.739152800585639,6.739152800585639,6.739152800585639,6.739152800585639,6.739152800585639,6.739152800585639,6.739152800585639,6.739152800585639,6.739152800585639,6.739152800585639,6.739152800585639,6.739152800585639,6.739152800585639,6.739152800585639,6.739152800585639,6.739152800585639,6.739152800585639,6.739152800585639,6.739152800585639,6.739152800585639,6.739152800585639,6.739152800585639,6.739152800585639,6.739152800585639,6.739152800585639,6.739152800585639,6.739152800585639,6.739152800585639,6.739152800585639,6.739152800585639,6.739152800585639,6.739152800585639,6.739152800585639,6.739152800585639,6.739152800585639,6.739152800585639,6.739152800585639,6.739152800585639,6.739152800585639,6.739152800585639
0,17.5,19.705882352941178,19.843749999999996,19.893617021276594,19.91935483870968,19.130434782608695,18.72950819672131,18.486842105263158,18.324175824175825,18.20754716981132,18.119834710743802,18.051470588235293,17.996688741721854,17.951807228915662,17.914364640883978,17.882653061224488,17.31121281464531,16.825755618703177,16.3071707653413,15.89163734216518,15.551214460553567,15.551214460553567,15.551214460553567,15.551214460553567,15.551214460553567,15.551214460553567,15.551214460553567,15.551214460553567,15.551214460553567,15.551214460553567,15.551214460553567,15.551214460553567,15.551214460553567,15.551214460553567,15.551214460553567,15.551214460553567,15.551214460553567,15.551214460553567,15.551214460553567,15.551214460553567,15.551214460553567,15.551214460553567,15.551214460553567,15.551214460553567,15.551214460553567,15.551214460553567,15.551214460553567,15.551214460553567,15.551214460553567,15.551214460553567,15.551214460553567,15.551214460553567,15.551214460553567,15.551214460553567,15.551214460553567,15.551214460553567,15.551214460553567,15.551214460553567,15.551214460553567,15.551214460553567,15.551214460553567,15.551214460553567,15.551214460553567,15.551214460553567,15.551214460553567,15.551214460553567,15.551214460553567,15.551214460553567,15.551214460553567,15.551214460553567,15.551214460553567,15.551214460553567,15.551214460553567,15.551214460553567,15.551214460553567,15.551214460553567,15.551214460553567,15.551214460553567,15.551214460553567,15.551214460553567,15.551214460553567,15.551214460553567,15.551214460553567,15.551214460553567,15.551214460553567,15.551214460553567,15.551214460553567,15.551214460553567,15.551214460553567,15.551214460553567,15.551214460553567,15.551214460553567,15.551214460553567,15.551214460553567,15.551214460553567,15.551214460553567,15.551214460553567,15.551214460553567,15.551214460553567,15.551214460553567,15.551214460553567,15.551214460553567,15.551214460553567,15.551214460553567,15.551214460553567,15.551214460553567,15.551214460553567,15.551214460553567,15.551214460553567,15.551214460553567,15.551214460553567,15.551214460553567,15.551214460553567,15.551214460553567,15.551214460553567,15.551214460553567,15.551214460553567,15.551214460553567,15.551214460553567,15.551214460553567,15.551214460553567,15.551214460553567,15.551214460553567,15.551214460553567,15.551214460553567,15.551214460553567,15.551214460553567,15.551214460553567,15.551214460553567,15.551214460553567,15.551214460553567,15.551214460553567,15.551214460553567,15.551214460553567,15.551214460553567,15.551214460553567,15.551214460553567,15.551214460553567,15.551214460553567,15.551214460553567,15.551214460553567,15.551214460553567,15.551214460553567,15.551214460553567,15.551214460553567,15.551214460553567,15.551214460553567,15.551214460553567,15.551214460553567,15.551214460553567,15.551214460553567,15.551214460553567,15.551214460553567,15.551214460553567,15.551214460553567,15.551214460553567,15.551214460553567,15.551214460553567,15.551214460553567,15.551214460553567,15.551214460553567,15.551214460553567,15.551214460553567,15.551214460553567,15.551214460553567,15.551214460553567,15.551214460553567,15.551214460553567,15.551214460553567,15.551214460553567,15.551214460553567,15.551214460553567,15.551214460553567,15.551214460553567,15.551214460553567,15.551214460553567,15.551214460553567,15.551214460553567,15.551214460553567,15.551214460553567,15.551214460553567,15.551214460553567,15.551214460553567,15.551214460553567,15.551214460553567,15.551214460553567,15.551214460553567,15.551214460553567,15.551214460553567,15.551214460553567,15.551214460553567,15.551214460553567,15.551214460553567,15.551214460553567,15.551214460553567,15.551214460553567,15.551214460553567,15.551214460553567,15.551214460553567,15.551214460553567,15.551214460553567,15.551214460553567,15.551214460553567,15.551214460553567,15.551214460553567,15.551214460553567,15.551214460553567,15.551214460553567,15.551214460553567,15.551214460553567,15.551214460553567,15.551214460553567,15.551214460553567,15.551214460553567,15.551214460553567,15.551214460553567,15.551214460553567,15.551214460553567,15.551214460553567,15.551214460553567,15.551214460553567,15.551214460553567,15.551214460553567,15.551214460553567,15.551214460553567,15.551214460553567,15.551214460553567,15.551214460553567,15.551214460553567,15.551214460553567,15.551214460553567,15.551214460553567,15.551214460553567,15.551214460553567,15.551214460553567,15.551214460553567,15.551214460553567,15.551214460553567,15.551214460553567,15.551214460553567,15.551214460553567,15.551214460553567,15.551214460553567,15.551214460553567,15.551214460553567,15.551214460553567,15.551214460553567,15.551214460553567,15.551214460553567,15.551214460553567,15.551214460553567,15.551214460553567,15.551214460553567,15.551214460553567,15.551214460553567,15.551214460553567,15.551214460553567,15.551214460553567,15.551214460553567,15.551214460553567,15.551214460553567,15.551214460553567,15.551214460553567,15.551214460553567,15.551214460553567,15.551214460553567,15.551214460553567,15.551214460553567,15.551214460553567,15.551214460553567,15.551214460553567,15.551214460553567,15.551214460553567,15.551214460553567,15.551214460553567,15.551214460553567,15.551214460553567,15.551214460553567,15.551214460553567,15.551214460553567,15.551214460553567,15.551214460553567,15.551214460553567,15.551214460553567,15.551214460553567,15.551214460553567,15.551214460553567,15.551214460553567,15.551214460553567,15.551214460553567,15.551214460553567,15.551214460553567,15.551214460553567,15.551214460553567,15.551214460553567,15.551214460553567,15.551214460553567,15.551214460553567,15.551214460553567
0,7.5,6.222222222222222,7.5256410256410255,7.312182741116752,7.22202166064982,7.172268907563025,7.172268907563025,7.172268907563025,7.172268907563025,7.172268907563025,7.172268907563025,7.172268907563025,7.172268907563025,7.172268907563025,7.172268907563025,7.172268907563025,7.172268907563025,7.172268907563025,7.172268907563025,7.172268907563025,7.172268907563025,7.172268907563025,7.172268907563025,7.172268907563025,7.172268907563025,7.172268907563025,7.172268907563025,7.172268907563025,7.172268907563025,7.172268907563025,7.172268907563025,7.172268907563025,7.172268907563025,7.172268907563025,7.172268907563025,7.172268907563025,7.172268907563025,7.172268907563025,7.172268907563025,7.172268907563025,7.172268907563025,7.172268907563025,7.172268907563025,7.172268907563025,7.172268907563025,7.172268907563025,7.172268907563025,7.172268907563025,7.172268907563025,7.172268907563025,7.172268907563025,7.172268907563025,7.172268907563025,7.172268907563025,7.172268907563025,7.172268907563025,7.172268907563025,7.172268907563025,7.172268907563025,7.172268907563025,7.172268907563025,7.172268907563025,7.172268907563025,7.172268907563025,7.172268907563025,7.172268907563025,7.172268907563025,7.172268907563025,7.172268907563025,7.172268907563025,7.172268907563025,7.172268907563025,7.172268907563025,7.172268907563025,7.172268907563025,7.172268907563025,7.172268907563025,7.172268907563025,7.172268907563025,7.172268907563025,7.172268907563025,7.172268907563025,7.172268907563025,7.172268907563025,7.172268907563025,7.172268907563025,7.172268907563025,7.172268907563025,7.172268907563025,7.172268907563025,7.172268907563025,7.172268907563025,7.172268907563025,7.172268907563025,7.172268907563025,7.172268907563025,7.172268907563025,7.172268907563025,7.172268907563025,7.172268907563025,7.172268907563025,7.172268907563025,7.172268907563025,7.172268907563025,7.172268907563025,7.172268907563025,7.172268907563025,7.172268907563025,7.172268907563025,7.172268907563025,7.172268907563025,7.172268907563025,7.172268907563025,7.172268907563025,7.172268907563025,7.172268907563025,7.172268907563025,7.172268907563025,7.172268907563025,7.172268907563025,7.172268907563025,7.172268907563025,7.172268907563025,7.172268907563025,7.172268907563025,7.172268907563025,7.172268907563025,7.172268907563025,7.172268907563025,7.172268907563025,7.172268907563025,7.172268907563025,7.172268907563025,7.172268907563025,7.172268907563025,7.172268907563025,7.172268907563025,7.172268907563025,7.172268907563025,7.172268907563025,7.172268907563025,7.172268907563025,7.172268907563025,7.172268907563025,7.172268907563025,7.172268907563025,7.172268907563025,7.172268907563025,7.172268907563025,7.172268907563025,7.172268907563025,7.172268907563025,7.172268907563025,7.172268907563025,7.172268907563025,7.172268907563025,7.172268907563025,7.172268907563025,7.172268907563025,7.172268907563025,7.172268907563025,7.172268907563025,7.172268907563025,7.172268907563025,7.172268907563025,7.172268907563025,7.172268907563025,7.172268907563025,7.172268907563025,7.172268907563025,7.172268907563025,7.172268907563025,7.172268907563025,7.172268907563025,7.172268907563025,7.172268907563025,7.172268907563025,7.172268907563025,7.172268907563025,7.172268907563025,7.172268907563025,7.172268907563025,7.172268907563025,7.172268907563025,7.172268907563025,7.172268907563025,7.172268907563025,7.172268907563025,7.172268907563025,7.172268907563025,7.172268907563025,7.172268907563025,7.172268907563025,7.172268907563025,7.172268907563025,7.172268907563025,7.172268907563025,7.172268907563025,7.172268907563025,7.172268907563025,7.172268907563025,7.172268907563025,7.172268907563025,7.172268907563025,7.172268907563025,7.172268907563025,7.172268907563025,7.172268907563025,7.172268907563025,7.172268907563025,7.172268907563025,7.172268907563025,7.172268907563025,7.172268907563025,7.172268907563025,7.172268907563025,7.172268907563025,7.172268907563025,7.172268907563025,7.172268907563025,7.172268907563025,7.172268907563025,7.172268907563025,7.172268907563025,7.172268907563025,7.172268907563025,7.172268907563025,7.172268907563025,7.172268907563025,7.172268907563025,7.172268907563025,7.172268907563025,7.172268907563025,7.172268907563025,7.172268907563025,7.172268907563025,7.172268907563025,7.172268907563025,7.172268907563025,7.172268907563025,7.172268907563025,7.172268907563025,7.172268907563025,7.172268907563025,7.172268907563025,7.172268907563025,7.172268907563025,7.172268907563025,7.172268907563025,7.172268907563025,7.172268907563025,7.172268907563025,7.172268907563025,7.172268907563025,7.172268907563025,7.172268907563025,7.172268907563025,7.172268907563025,7.172268907563025,7.172268907563025,7.172268907563025,7.172268907563025,7.172268907563025,7.172268907563025,7.172268907563025,7.172268907563025,7.172268907563025,7.172268907563025,7.172268907563025,7.172268907563025,7.172268907563025,7.172268907563025,7.172268907563025,7.172268907563025,7.172268907563025,7.172268907563025,7.172268907563025,7.172268907563025,7.172268907563025,7.172268907563025,7.172268907563025,7.172268907563025,7.172268907563025,7.172268907563025,7.172268907563025,7.172268907563025,7.172268907563025,7.172268907563025,7.172268907563025,7.172268907563025,7.172268907563025,7.172268907563025,7.172268907563025,7.172268907563025,7.172268907563025,7.172268907563025,7.172268907563025,7.172268907563025,7.172268907563025
0,6.5,6.5,6.5,6.5,6.5,6.5,6.5,6.5,6.5,6.5,6.5,6.5,6.5,6.5,6.5,6.5,6.5,6.5,6.5,6.5,6.5,6.5,6.5,6.5,6.5,6.5,6.5,6.5,6.5,6.5,6.5,6.5,6.5,6.5,6.5,6.5,6.5,6.5,6.5,6.5,6.5,6.5,6.5,6.5,6.5,6.5,6.5,6.5,6.5,6.5,6.5,6.5,6.5,6.5,6.5,6.5,6.5,6.5,6.5,6.5,6.5,6.5,6.5,6.5,6.5,6.5,6.5,6.5,6.5,6.5,6.5,6.5,6.5,6.5,6.5,6.5,6.5,6.5,6.5,6.5,6.5,6.5,6.5,6.5,6.5,6.5,6.5,6.5,6.5,6.5,6.5,6.5,6.5,6.5,6.5,6.5,6.5,6.5,6.5,6.5,6.5,6.5,6.5,6.5,6.5,6.5,6.5,6.5,6.5,6.5,6.5,6.5,6.5,6.5,6.5,6.5,6.5,6.5,6.5,6.5,6.5,6.5,6.5,6.5,6.5,6.5,6.5,6.5,6.5,6.5,6.5,6.5,6.5,6.5,6.5,6.5,6.5,6.5,6.5,6.5,6.5,6.5,6.5,6.5,6.5,6.5,6.5,6.5,6.5,6.5,6.5,6.5,6.5,6.5,6.5,6.5,6.5,6.5,6.5,6.5,6.5,6.5,6.5,6.5,6.5,6.5,6.5,6.5,6.5,6.5,6.5,6.5,6.5,6.5,6.5,6.5,6.5,6.5,6.5,6.5,6.5,6.5,6.5,6.5,6.5,6.5,6.5,6.5,6.5,6.5,6.5,6.5,6.5,6.5,6.5,6.5,6.5,6.5,6.5,6.5,6.5,6.5,6.5,6.5,6.5,6.5,6.5,6.5,6.5,6.5,6.5,6.5,6.5,6.5,6.5,6.5,6.5,6.5,6.5,6.5,6.5,6.5,6.5,6.5,6.5,6.5,6.5,6.5,6.5,6.5,6.5,6.5,6.5,6.5,6.5,6.5,6.5,6.5,6.5,6.5,6.5,6.5,6.5,6.5,6.5,6.5,6.5,6.5,6.5,6.5,6.5,6.5,6.5,6.5,6.5,6.5,6.5,6.5,6.5,6.5,6.5,6.5,6.5,6.5,6.5,6.5,6.5,6.5,6.5,6.5,6.5,6.5,6.5,6.5,6.5,6.5,6.5,6.5,6.5,6.5,6.5,6.5,6.5,6.5,6.5,6.5,6.5,6.5,6.5,6.5,6.5,6.5,6.5,6.5,6.5,6.5,6.5,6.5,6.5
0,3.0,3.1515151515151514,3.079365079365079,3.1129943502824857,3.1265304362821174,3.5787618648799557,3.8862410599132375,3.8862410599132375,3.8862410599132375,3.8862410599132375,3.8862410599132375,3.8862410599132375,3.8862410599132375,3.8862410599132375,3.8862410599132375,3.8862410599132375,3.8862410599132375,3.8862410599132375,3.8862410599132375,3.8862410599132375,3.8862410599132375,3.8862410599132375,3.8862410599132375,3.8862410599132375,3.8862410599132375,3.8862410599132375,3.8862410599132375,3.8862410599132375,3.8862410599132375,3.8862410599132375,3.8862410599132375,3.8862410599132375,3.8862410599132375,3.8862410599132375,3.8862410599132375,3.8862410599132375,3.8862410599132375,3.8862410599132375,3.8862410599132375,3.8862410599132375,3.8862410599132375,3.8862410599132375,3.8862410599132375,3.8862410599132375,3.8862410599132375,3.8862410599132375,3.8862410599132375,3.8862410599132375,3.8862410599132375,3.8862410599132375,3.8862410599132375,3.8862410599132375,3.8862410599132375,3.8862410599132375,3.8862410599132375,3.8862410599132375,3.8862410599132375,3.8862410599132375,3.8862410599132375,3.8862410599132375,3.8862410599132375,3.8862410599132375,3.8862410599132375,3.8862410599132375,3.8862410599132375,3.8862410599132375,3.8862410599132375,3.8862410599132375,3.8862410599132375,3.8862410599132375,3.8862410599132375,3.8862410599132375,3.8862410599132375,3.8862410599132375,3.8862410599132375,3.8862410599132375,3.8862410599132375,3.8862410599132375,3.8862410599132375,3.8862410599132375,3.8862410599132375,3.8862410599132375,3.8862410599132375,3.8862410599132375,3.8862410599132375,3.8862410599132375,3.8862410599132375,3.8862410599132375,3.8862410599132375,3.8862410599132375,3.8862410599132375,3.8862410599132375,3.8862410599132375,3.8862410599132375,3.8862410599132375,3.8862410599132375,3.8862410599132375,3.8862410599132375,3.8862410599132375,3.8862410599132375,3.8862410599132375,3.8862410599132375,3.8862410599132375,3.8862410599132375,3.8862410599132375,3.8862410599132375,3.8862410599132375,3.8862410599132375,3.8862410599132375,3.8862410599132375,3.8862410599132375,3.8862410599132375,3.8862410599132375,3.8862410599132375,3.8862410599132375,3.8862410599132375,3.8862410599132375,3.8862410599132375,3.8862410599132375,3.8862410599132375,3.8862410599132375,3.8862410599132375,3.8862410599132375,3.8862410599132375,3.8862410599132375,3.8862410599132375,3.8862410599132375,3.8862410599132375,3.8862410599132375,3.8862410599132375,3.8862410599132375,3.8862410599132375,3.8862410599132375,3.8862410599132375,3.8862410599132375,3.8862410599132375,3.8862410599132375,3.8862410599132375,3.8862410599132375,3.8862410599132375,3.8862410599132375,3.8862410599132375,3.8862410599132375,3.8862410599132375,3.8862410599132375,3.8862410599132375,3.8862410599132375,3.8862410599132375,3.8862410599132375,3.8862410599132375,3.8862410599132375,3.8862410599132375,3.8862410599132375,3.8862410599132375,3.8862410599132375,3.8862410599132375,3.8862410599132375,3.8862410599132375,3.8862410599132375,3.8862410599132375,3.8862410599132375,3.8862410599132375,3.8862410599132375,3.8862410599132375,3.8862410599132375,3.8862410599132375,3.8862410599132375,3.8862410599132375,3.8862410599132375,3.8862410599132375,3.8862410599132375,3.8862410599132375,3.8862410599132375,3.8862410599132375,3.8862410599132375,3.8862410599132375,3.8862410599132375,3.8862410599132375,3.8862410599132375,3.8862410599132375,3.8862410599132375,3.8862410599132375,3.8862410599132375,3.8862410599132375,3.8862410599132375,3.8862410599132375,3.8862410599132375,3.8862410599132375,3.8862410599132375,3.8862410599132375,3.8862410599132375,3.8862410599132375,3.8862410599132375,3.8862410599132375,3.8862410599132375,3.8862410599132375,3.8862410599132375,3.8862410599132375,3.8862410599132375,3.8862410599132375,3.8862410599132375,3.8862410599132375,3.8862410599132375,3.8862410599132375,3.8862410599132375,3.8862410599132375,3.8862410599132375,3.8862410599132375,3.8862410599132375,3.8862410599132375,3.8862410599132375,3.8862410599132375,3.8862410599132375,3.8862410599132375,3.8862410599132375,3.8862410599132375,3.8862410599132375,3.8862410599132375,3.8862410599132375,3.8862410599132375,3.8862410599132375,3.8862410599132375,3.8862410599132375,3.8862410599132375,3.8862410599132375,3.8862410599132375,3.8862410599132375,3.8862410599132375,3.8862410599132375,3.8862410599132375,3.8862410599132375,3.8862410599132375,3.8862410599132375,3.8862410599132375,3.8862410599132375,3.8862410599132375,3.8862410599132375,3.8862410599132375,3.8862410599132375,3.8862410599132375,3.8862410599132375,3.8862410599132375,3.8862410599132375,3.8862410599132375,3.8862410599132375,3.8862410599132375,3.8862410599132375,3.8862410599132375,3.8862410599132375,3.8862410599132375,3.8862410599132375,3.8862410599132375,3.8862410599132375,3.8862410599132375,3.8862410599132375,3.8862410599132375,3.8862410599132375,3.8862410599132375,3.8862410599132375,3.8862410599132375,3.8862410599132375,3.8862410599132375,3.8862410599132375,3.8862410599132375,3.8862410599132375,3.8862410599132375,3.8862410599132375,3.8862410599132375,3.8862410599132375,3.8862410599132375,3.8862410599132375,3.8862410599132375,3.8862410599132375,3.8862410599132375,3.8862410599132375,3.8862410599132375,3.8862410599132375,3.8862410599132375,3.8862410599132375,3.8862410599132375,3.8862410599132375,3.8862410599132375,3.8862410599132375,3.8862410599132375,3.8862410599132375,3.8862410599132375,3.8862410599132375,3.8862410599132375,3.8862410599132375,3.8862410599132375,3.8862410599132375,3.8862410599132375,3.8862410599132375,3.8862410599132375,3.8862410599132375,3.8862410599132375,3.8862410599132375,3.8862410599132375,3.8862410599132375
0,4.333333333333334,3.762237762237762,4.281729428172943,4.503482587064677,4.502356902356903,4.5017811704834605,4.430359305611628,4.383405821344932,4.537907177861055,4.685236768802229,4.800632196884173,4.824841776724562,4.973105392092301,5.0972581855141215,5.202739296824297,5.293466269799972,5.249778648531546,5.213667567056072,5.1833193483526765,5.157456416873159,5.135152847371081,5.135152847371081,5.135152847371081,5.135152847371081,5.135152847371081,5.135152847371081,5.135152847371081,5.135152847371081,5.135152847371081,5.135152847371081,5.135152847371081,5.135152847371081,5.135152847371081,5.135152847371081,5.135152847371081,5.135152847371081,5.135152847371081,5.135152847371081,5.135152847371081,5.135152847371081,5.135152847371081,5.135152847371081,5.135152847371081,5.135152847371081,5.135152847371081,5.135152847371081,5.135152847371081,5.135152847371081,5.135152847371081,5.135152847371081,5.135152847371081,5.135152847371081,5.135152847371081,5.135152847371081,5.135152847371081,5.135152847371081,5.135152847371081,5.135152847371081,5.135152847371081,5.135152847371081,5.135152847371081,5.135152847371081,5.135152847371081,5.135152847371081,5.135152847371081,5.135152847371081,5.135152847371081,5.135152847371081,5.135152847371081,5.135152847371081,5.135152847371081,5.135152847371081,5.135152847371081,5.135152847371081,5.135152847371081,5.135152847371081,5.135152847371081,5.135152847371081,5.135152847371081,5.135152847371081,5.135152847371081,5.135152847371081,5.135152847371081,5.135152847371081,5.135152847371081,5.135152847371081,5.135152847371081,5.135152847371081,5.135152847371081,5.135152847371081,5.135152847371081,5.135152847371081,5.135152847371081,5.135152847371081,5.135152847371081,5.135152847371081,5.135152847371081,5.135152847371081,5.135152847371081,5.135152847371081,5.135152847371081,5.135152847371081,5.135152847371081,5.135152847371081,5.135152847371081,5.135152847371081,5.135152847371081,5.135152847371081,5.135152847371081,5.135152847371081,5.135152847371081,5.135152847371081,5.135152847371081,5.135152847371081,5.135152847371081,5.135152847371081,5.135152847371081,5.135152847371081,5.135152847371081,5.135152847371081,5.135152847371081,5.135152847371081,5.135152847371081,5.135152847371081,5.135152847371081,5.135152847371081,5.135152847371081,5.135152847371081,5.135152847371081,5.135152847371081,5.135152847371081,5.135152847371081,5.135152847371081,5.135152847371081,5.135152847371081,5.135152847371081,5.135152847371081,5.135152847371081,5.135152847371081,5.135152847371081,5.135152847371081,5.135152847371081,5.135152847371081,5.135152847371081,5.135152847371081,5.135152847371081,5.135152847371081,5.135152847371081,5.135152847371081,5.135152847371081,5.135152847371081,5.135152847371081,5.135152847371081,5.135152847371081,5.135152847371081,5.135152847371081,5.135152847371081,5.135152847371081,5.135152847371081,5.135152847371081,5.135152847371081,5.135152847371081,5.135152847371081,5.135152847371081,5.135152847371081,5.135152847371081,5.135152847371081,5.135152847371081,5.135152847371081,5.135152847371081,5.135152847371081,5.135152847371081,5.135152847371081,5.135152847371081,5.135152847371081,5.135152847371081,5.135152847371081,5.135152847371081,5.135152847371081,5.135152847371081,5.135152847371081,5.135152847371081,5.135152847371081,5.135152847371081,5.135152847371081,5.135152847371081,5.135152847371081,5.135152847371081,5.135152847371081,5.135152847371081,5.135152847371081,5.135152847371081,5.135152847371081,5.135152847371081,5.135152847371081,5.135152847371081,5.135152847371081,5.135152847371081,5.135152847371081,5.135152847371081,5.135152847371081,5.135152847371081,5.135152847371081,5.135152847371081,5.135152847371081,5.135152847371081,5.135152847371081,5.135152847371081,5.135152847371081,5.135152847371081,5.135152847371081,5.135152847371081,5.135152847371081,5.135152847371081,5.135152847371081,5.135152847371081,5.135152847371081,5.135152847371081,5.135152847371081,5.135152847371081,5.135152847371081,5.135152847371081,5.135152847371081,5.135152847371081,5.135152847371081,5.135152847371081,5.135152847371081,5.135152847371081,5.135152847371081,5.135152847371081,5.135152847371081,5.135152847371081,5.135152847371081,5.135152847371081,5.135152847371081,5.135152847371081,5.135152847371081,5.135152847371081,5.135152847371081,5.135152847371081,5.135152847371081,5.135152847371081,5.135152847371081,5.135152847371081,5.135152847371081,5.135152847371081,5.135152847371081,5.135152847371081,5.135152847371081,5.135152847371081,5.135152847371081,5.135152847371081,5.135152847371081,5.135152847371081,5.135152847371081,5.135152847371081,5.135152847371081,5.135152847371081,5.135152847371081,5.135152847371081,5.135152847371081,5.135152847371081,5.135152847371081,5.135152847371081,5.135152847371081,5.135152847371081,5.135152847371081,5.135152847371081,5.135152847371081,5.135152847371081,5.135152847371081,5.135152847371081,5.135152847371081,5.135152847371081,5.135152847371081,5.135152847371081,5.135152847371081,5.135152847371081,5.135152847371081,5.135152847371081,5.135152847371081,5.135152847371081,5.135152847371081,5.135152847371081,5.135152847371081,5.135152847371081,5.135152847371081,5.135152847371081,5.135152847371081,5.135152847371081,5.135152847371081,5.135152847371081,5.135152847371081,5.135152847371081,5.135152847371081,5.135152847371081,5.135152847371081,5.135152847371081,5.135152847371081
0,4.0,3.603960396039604,4.150602409638554,4.432520808561237,4.543981481481482,4.543981481481482,4.543981481481482,4.543981481481482,4.543981481481482,4.543981481481482,4.543981481481482,4.543981481481482,4.543981481481482,4.543981481481482,4.543981481481482,4.543981481481482,4.543981481481482,4.543981481481482,4.543981481481482,4.543981481481482,4.543981481481482,4.543981481481482,4.543981481481482,4.543981481481482,4.543981481481482,4.543981481481482,4.543981481481482,4.543981481481482,4.543981481481482,4.543981481481482,4.543981481481482,4.543981481481482,4.543981481481482,4.543981481481482,4.543981481481482,4.543981481481482,4.543981481481482,4.543981481481482,4.543981481481482,4.543981481481482,4.543981481481482,4.543981481481482,4.543981481481482,4.543981481481482,4.543981481481482,4.543981481481482,4.543981481481482,4.543981481481482,4.543981481481482,4.543981481481482,4.543981481481482,4.543981481481482,4.543981481481482,4.543981481481482,4.543981481481482,4.543981481481482,4.543981481481482,4.543981481481482,4.543981481481482,4.543981481481482,4.543981481481482,4.543981481481482,4.543981481481482,4.543981481481482,4.543981481481482,4.543981481481482,4.543981481481482,4.543981481481482,4.543981481481482,4.543981481481482,4.543981481481482,4.543981481481482,4.543981481481482,4.543981481481482,4.543981481481482,4.543981481481482,4.543981481481482,4.543981481481482,4.543981481481482,4.543981481481482,4.543981481481482,4.543981481481482,4.543981481481482,4.543981481481482,4.543981481481482,4.543981481481482,4.543981481481482,4.543981481481482,4.543981481481482,4.543981481481482,4.543981481481482,4.543981481481482,4.543981481481482,4.543981481481482,4.543981481481482,4.543981481481482,4.543981481481482,4.543981481481482,4.543981481481482,4.543981481481482,4.543981481481482,4.543981481481482,4.543981481481482,4.543981481481482,4.543981481481482,4.543981481481482,4.543981481481482,4.543981481481482,4.543981481481482,4.543981481481482,4.543981481481482,4.543981481481482,4.543981481481482,4.543981481481482,4.543981481481482,4.543981481481482,4.543981481481482,4.543981481481482,4.543981481481482,4.543981481481482,4.543981481481482,4.543981481481482,4.543981481481482,4.543981481481482,4.543981481481482,4.543981481481482,4.543981481481482,4.543981481481482,4.543981481481482,4.543981481481482,4.543981481481482,4.543981481481482,4.543981481481482,4.543981481481482,4.543981481481482,4.543981481481482,4.543981481481482,4.543981481481482,4.543981481481482,4.543981481481482,4.543981481481482,4.543981481481482,4.543981481481482,4.543981481481482,4.543981481481482,4.543981481481482,4.543981481481482,4.543981481481482,4.543981481481482,4.543981481481482,4.543981481481482,4.543981481481482,4.543981481481482,4.543981481481482,4.543981481481482,4.543981481481482,4.543981481481482,4.543981481481482,4.543981481481482,4.543981481481482,4.543981481481482,4.543981481481482,4.543981481481482,4.543981481481482,4.543981481481482,4.543981481481482,4.543981481481482,4.543981481481482,4.543981481481482,4.543981481481482,4.543981481481482,4.543981481481482,4.543981481481482,4.543981481481482,4.543981481481482,4.543981481481482,4.543981481481482,4.543981481481482,4.543981481481482,4.543981481481482,4.543981481481482,4.543981481481482,4.543981481481482,4.543981481481482,4.543981481481482,4.543981481481482,4.543981481481482,4.543981481481482,4.543981481481482,4.543981481481482,4.543981481481482,4.543981481481482,4.543981481481482,4.543981481481482,4.543981481481482,4.543981481481482,4.543981481481482,4.543981481481482,4.543981481481482,4.543981481481482,4.543981481481482,4.543981481481482,4.543981481481482,4.543981481481482,4.543981481481482,4.543981481481482,4.543981481481482,4.543981481481482,4.543981481481482,4.543981481481482,4.543981481481482,4.543981481481482,4.543981481481482,4.543981481481482,4.543981481481482,4.543981481481482,4.543981481481482,4.543981481481482,4.543981481481482,4.543981481481482,4.543981481481482,4.543981481481482,4.543981481481482,4.543981481481482,4.543981481481482,4.543981481481482,4.543981481481482,4.543981481481482,4.543981481481482,4.543981481481482,4.543981481481482,4.543981481481482,4.543981481481482,4.543981481481482,4.543981481481482,4.543981481481482,4.543981481481482,4.543981481481482,4.543981481481482,4.543981481481482,4.543981481481482,4.543981481481482,4.543981481481482,4.543981481481482,4.543981481481482,4.543981481481482,4.543981481481482,4.543981481481482,4.543981481481482,4.543981481481482,4.543981481481482,4.543981481481482,4.543981481481482,4.543981481481482,4.543981481481482,4.543981481481482,4.543981481481482,4.543981481481482,4.543981481481482,4.543981481481482,4.543981481481482,4.543981481481482,4.543981481481482,4.543981481481482,4.543981481481482,4.543981481481482,4.543981481481482,4.543981481481482,4.543981481481482,4.543981481481482,4.543981481481482,4.543981481481482,4.543981481481482,4.543981481481482,4.543981481481482,4.543981481481482,4.543981481481482,4.543981481481482,4.543981481481482,4.543981481481482,4.543981481481482,4.543981481481482,4.543981481481482,4.543981481481482,4.543981481481482,4.543981481481482,4.543981481481482,4.543981481481482,4.543981481481482,4.543981481481482,4.543981481481482,4.543981481481482,4.543981481481482,4.543981481481482,4.543981481481482,4.543981481481482,4.543981481481482,4.543981481481482,4.543981481481482
0,15.0,12.35483870967742,14.885245901639344,12.945054945054945,11.966942148760332,11.37748344370861,11.673469387755102,11.796680497925312,11.933566433566433,12.03323262839879,12.109042553191488,12.266055045871559,12.264952848469191,12.37363521434318,12.46071835213746,12.53205912814236,12.376533288215887,12.321203638908326,12.274152938637506,12.233652365972823,12.179109101047022,12.096482643486269,12.135285154549411,12.170063464217531,12.201412734229374,12.229816277873873,12.217608782258422,12.149640048270983,12.132381365626603,12.126398252419872,12.072737665678254,12.061273924465217,12.058864016256432,12.014897812275047,12.007093264404437,12.013808708769691,12.013808708769691,12.013808708769691,12.013808708769691,12.013808708769691,12.013808708769691,12.013808708769691,12.013808708769691,12.013808708769691,12.013808708769691,12.013808708769691,12.013808708769691,12.013808708769691,12.013808708769691,12.013808708769691,12.013808708769691,12.013808708769691,12.013808708769691,12.013808708769691,12.013808708769691,12.013808708769691,12.013808708769691,12.013808708769691,12.013808708769691,12.013808708769691,12.013808708769691,12.013808708769691,12.013808708769691,12.013808708769691,12.013808708769691,12.013808708769691,12.013808708769691,12.013808708769691,12.013808708769691,12.013808708769691,12.013808708769691,12.013808708769691,12.013808708769691,12.013808708769691,12.013808708769691,12.013808708769691,12.013808708769691,12.013808708769691,12.013808708769691,12.013808708769691,12.013808708769691,12.013808708769691,12.013808708769691,12.013808708769691,12.013808708769691,12.013808708769691,12.013808708769691,12.013808708769691,12.013808708769691,12.013808708769691,12.013808708769691,12.013808708769691,12.013808708769691,12.013808708769691,12.013808708769691,12.013808708769691,12.013808708769691,12.013808708769691,12.013808708769691,12.013808708769691,12.013808708769691,12.013808708769691,12.013808708769691,12.013808708769691,12.013808708769691,12.013808708769691,12.013808708769691,12.013808708769691,12.013808708769691,12.013808708769691,12.013808708769691,12.013808708769691,12.013808708769691,12.013808708769691,12.013808708769691,12.013808708769691,12.013808708769691,12.013808708769691,12.013808708769691,12.013808708769691,12.013808708769691,12.013808708769691,12.013808708769691,12.013808708769691,12.013808708769691,12.013808708769691,12.013808708769691,12.013808708769691,12.013808708769691,12.013808708769691,12.013808708769691,12.013808708769691,12.013808708769691,12.013808708769691,12.013808708769691,12.013808708769691,12.013808708769691,12.013808708769691,12.013808708769691,12.013808708769691,12.013808708769691,12.013808708769691,12.013808708769691,12.013808708769691,12.013808708769691,12.013808708769691,12.013808708769691,12.013808708769691,12.013808708769691,12.013808708769691,12.013808708769691,12.013808708769691,12.013808708769691,12.013808708769691,12.013808708769691,12.013808708769691,12.013808708769691,12.013808708769691,12.013808708769691,12.013808708769691,12.013808708769691,12.013808708769691,12.013808708769691,12.013808708769691,12.013808708769691,12.013808708769691,12.013808708769691,12.013808708769691,12.013808708769691,12.013808708769691,12.013808708769691,12.013808708769691,12.013808708769691,12.013808708769691,12.013808708769691,12.013808708769691,12.013808708769691,12.013808708769691,12.013808708769691,12.013808708769691,12.013808708769691,12.013808708769691,12.013808708769691,12.013808708769691,12.013808708769691,12.013808708769691,12.013808708769691,12.013808708769691,12.013808708769691,12.013808708769691,12.013808708769691,12.013808708769691,12.013808708769691,12.013808708769691,12.013808708769691,12.013808708769691,12.013808708769691,12.013808708769691,12.013808708769691,12.013808708769691,12.013808708769691,12.013808708769691,12.013808708769691,12.013808708769691,12.013808708769691,12.013808708769691,12.013808708769691,12.013808708769691,12.013808708769691,12.013808708769691,12.013808708769691,12.013808708769691,12.013808708769691,12.013808708769691,12.013808708769691,12.013808708769691,12.013808708769691,12.013808708769691,12.013808708769691,12.013808708769691,12.013808708769691,12.013808708769691,12.013808708769691,12.013808708769691,12.013808708769691,12.013808708769691,12.013808708769691,12.013808708769691,12.013808708769691,12.013808708769691,12.013808708769691,12.013808708769691,12.013808708769691,12.013808708769691,12.013808708769691,12.013808708769691,12.013808708769691,12.013808708769691,12.013808708769691,12.013808708769691,12.013808708769691,12.013808708769691,12.013808708769691,12.013808708769691,12.013808708769691,12.013808708769691,12.013808708769691,12.013808708769691,12.013808708769691,12.013808708769691,12.013808708769691,12.013808708769691,12.013808708769691,12.013808708769691,12.013808708769691,12.013808708769691,12.013808708769691,12.013808708769691,12.013808708769691,12.013808708769691,12.013808708769691,12.013808708769691,12.013808708769691,12.013808708769691,12.013808708769691,12.013808708769691,12.013808708769691,12.013808708769691,12.013808708769691,12.013808708769691,12.013808708769691,12.013808708769691,12.013808708769691,12.013808708769691,12.013808708769691,12.013808708769691,12.013808708769691,12.013808708769691,12.013808708769691,12.013808708769691,12.013808708769691,12.013808708769691,12.013808708769691,12.013808708769691,12.013808708769691,12.013808708769691,12.013808708769691,12.013808708769691,12.013808708769691,12.013808708769691,12.013808708769691,12.013808708769691,12.013808708769691,12.013808708769691,12.013808708769691,12.013808708769691,12.013808708769691,12.013808708769691,12.013808708769691
0,3.0,3.232558139534884,3.1449275362318843,3.1449275362318843,3.1449275362318843,3.1449275362318843,3.1449275362318843,3.1449275362318843,3.1449275362318843,3.1449275362318843,3.1449275362318843,3.1449275362318843,3.1449275362318843,3.1449275362318843,3.1449275362318843,3.1449275362318843,3.1449275362318843,3.1449275362318843,3.1449275362318843,3.1449275362318843,3.1449275362318843,3.1449275362318843,3.1449275362318843,3.1449275362318843,3.1449275362318843,3.1449275362318843,3.1449275362318843,3.1449275362318843,3.1449275362318843,3.1449275362318843,3.1449275362318843,3.1449275362318843,3.1449275362318843,3.1449275362318843,3.1449275362318843,3.1449275362318843,3.1449275362318843,3.1449275362318843,3.1449275362318843,3.1449275362318843,3.1449275362318843,3.1449275362318843,3.1449275362318843,3.1449275362318843,3.1449275362318843,3.1449275362318843,3.1449275362318843,3.1449275362318843,3.1449275362318843,3.1449275362318843,3.1449275362318843,3.1449275362318843,3.1449275362318843,3.1449275362318843,3.1449275362318843,3.1449275362318843,3.1449275362318843,3.1449275362318843,3.1449275362318843,3.1449275362318843,3.1449275362318843,3.1449275362318843,3.1449275362318843,3.1449275362318843,3.1449275362318843,3.1449275362318843,3.1449275362318843,3.1449275362318843,3.1449275362318843,3.1449275362318843,3.1449275362318843,3.1449275362318843,3.1449275362318843,3.1449275362318843,3.1449275362318843,3.1449275362318843,3.1449275362318843,3.1449275362318843,3.1449275362318843,3.1449275362318843,3.1449275362318843,3.1449275362318843,3.1449275362318843,3.1449275362318843,3.1449275362318843,3.1449275362318843,3.1449275362318843,3.1449275362318843,3.1449275362318843,3.1449275362318843,3.1449275362318843,3.1449275362318843,3.1449275362318843,3.1449275362318843,3.1449275362318843,3.1449275362318843,3.1449275362318843,3.1449275362318843,3.1449275362318843,3.1449275362318843,3.1449275362318843,3.1449275362318843,3.1449275362318843,3.1449275362318843,3.1449275362318843,3.1449275362318843,3.1449275362318843,3.1449275362318843,3.1449275362318843,3.1449275362318843,3.1449275362318843,3.1449275362318843,3.1449275362318843,3.1449275362318843,3.1449275362318843,3.1449275362318843,3.1449275362318843,3.1449275362318843,3.1449275362318843,3.1449275362318843,3.1449275362318843,3.1449275362318843,3.1449275362318843,3.1449275362318843,3.1449275362318843,3.1449275362318843,3.1449275362318843,3.1449275362318843,3.1449275362318843,3.1449275362318843,3.1449275362318843,3.1449275362318843,3.1449275362318843,3.1449275362318843,3.1449275362318843,3.1449275362318843,3.1449275362318843,3.1449275362318843,3.1449275362318843,3.1449275362318843,3.1449275362318843,3.1449275362318843,3.1449275362318843,3.1449275362318843,3.1449275362318843,3.1449275362318843,3.1449275362318843,3.1449275362318843,3.1449275362318843,3.1449275362318843,3.1449275362318843,3.1449275362318843,3.1449275362318843,3.1449275362318843,3.1449275362318843,3.1449275362318843,3.1449275362318843,3.1449275362318843,3.1449275362318843,3.1449275362318843,3.1449275362318843,3.1449275362318843,3.1449275362318843,3.1449275362318843,3.1449275362318843,3.1449275362318843,3.1449275362318843,3.1449275362318843,3.1449275362318843,3.1449275362318843,3.1449275362318843,3.1449275362318843,3.1449275362318843,3.1449275362318843,3.1449275362318843,3.1449275362318843,3.1449275362318843,3.1449275362318843,3.1449275362318843,3.1449275362318843,3.1449275362318843,3.1449275362318843,3.1449275362318843,3.1449275362318843,3.1449275362318843,3.1449275362318843,3.1449275362318843,3.1449275362318843,3.1449275362318843,3.1449275362318843,3.1449275362318843,3.1449275362318843,3.1449275362318843,3.1449275362318843,3.1449275362318843,3.1449275362318843,3.1449275362318843,3.1449275362318843,3.1449275362318843,3.1449275362318843,3.1449275362318843,3.1449275362318843,3.1449275362318843,3.1449275362318843,3.1449275362318843,3.1449275362318843,3.1449275362318843,3.1449275362318843,3.1449275362318843,3.1449275362318843,3.1449275362318843,3.1449275362318843,3.1449275362318843,3.1449275362318843,3.1449275362318843,3.1449275362318843,3.1449275362318843,3.1449275362318843,3.1449275362318843,3.1449275362318843,3.1449275362318843,3.1449275362318843,3.1449275362318843,3.1449275362318843,3.1449275362318843,3.1449275362318843,3.1449275362318843,3.1449275362318843,3.1449275362318843,3.1449275362318843,3.1449275362318843,3.1449275362318843,3.1449275362318843,3.1449275362318843,3.1449275362318843,3.1449275362318843,3.1449275362318843,3.1449275362318843,3.1449275362318843,3.1449275362318843,3.1449275362318843,3.1449275362318843,3.1449275362318843,3.1449275362318843,3.1449275362318843,3.1449275362318843,3.1449275362318843,3.1449275362318843,3.1449275362318843,3.1449275362318843,3.1449275362318843,3.1449275362318843,3.1449275362318843,3.1449275362318843,3.1449275362318843,3.1449275362318843,3.1449275362318843,3.1449275362318843,3.1449275362318843,3.1449275362318843,3.1449275362318843,3.1449275362318843,3.1449275362318843,3.1449275362318843,3.1449275362318843,3.1449275362318843,3.1449275362318843,3.1449275362318843,3.1449275362318843,3.1449275362318843,3.1449275362318843,3.1449275362318843,3.1449275362318843,3.1449275362318843,3.1449275362318843,3.1449275362318843,3.1449275362318843,3.1449275362318843,3.1449275362318843,3.1449275362318843,3.1449275362318843,3.1449275362318843,3.1449275362318843,3.1449275362318843,3.1449275362318843,3.1449275362318843,3.1449275362318843,3.1449275362318843,3.1449275362318843,3.1449275362318843,3.1449275362318843,3.1449275362318843,3.1449275362318843,3.1449275362318843,3.1449275362318843,3.1449275362318843,3.1449275362318843,3.1449275362318843,3.1449275362318843
0,9.0,4.421383647798742,7.175438596491228,7.860719874804381,8.171786120591582,8.349419124218052,8.46431199411332,8.544715447154472,8.604132680804787,8.64983164983165,8.686071582578698,8.715513872606488,8.73990710968203,8.760447515630142,8.77798109179628,8.793123046319979,8.806331471135941,8.471844065330194,8.402966737131191,8.34144047069287,8.208960788445639,8.237627872954086,8.076223829244851,7.935127132232499,7.935127132232499,7.935127132232499,7.935127132232499,7.935127132232499,7.935127132232499,7.935127132232499,7.935127132232499,7.935127132232499,7.935127132232499,7.935127132232499,7.935127132232499,7.935127132232499,7.935127132232499,7.935127132232499,7.935127132232499,7.935127132232499,7.935127132232499,7.935127132232499,7.935127132232499,7.935127132232499,7.935127132232499,7.935127132232499,7.935127132232499,7.935127132232499,7.935127132232499,7.935127132232499,7.935127132232499,7.935127132232499,7.935127132232499,7.935127132232499,7.935127132232499,7.935127132232499,7.935127132232499,7.935127132232499,7.935127132232499,7.935127132232499,7.935127132232499,7.935127132232499,7.935127132232499,7.935127132232499,7.935127132232499,7.935127132232499,7.935127132232499,7.935127132232499,7.935127132232499,7.935127132232499,7.935127132232499,7.935127132232499,7.935127132232499,7.935127132232499,7.935127132232499,7.935127132232499,7.935127132232499,7.935127132232499,7.935127132232499,7.935127132232499,7.935127132232499,7.935127132232499,7.935127132232499,7.935127132232499,7.935127132232499,7.935127132232499,7.935127132232499,7.935127132232499,7.935127132232499,7.935127132232499,7.935127132232499,7.935127132232499,7.935127132232499,7.935127132232499,7.935127132232499,7.935127132232499,7.935127132232499,7.935127132232499,7.935127132232499,7.935127132232499,7.935127132232499,7.935127132232499,7.935127132232499,7.935127132232499,7.935127132232499,7.935127132232499,7.935127132232499,7.935127132232499,7.935127132232499,7.935127132232499,7.935127132232499,7.935127132232499,7.935127132232499,7.935127132232499,7.935127132232499,7.935127132232499,7.935127132232499,7.935127132232499,7.935127132232499,7.935127132232499,7.935127132232499,7.935127132232499,7.935127132232499,7.935127132232499,7.935127132232499,7.935127132232499,7.935127132232499,7.935127132232499,7.935127132232499,7.935127132232499,7.935127132232499,7.935127132232499,7.935127132232499,7.935127132232499,7.935127132232499,7.935127132232499,7.935127132232499,7.935127132232499,7.935127132232499,7.935127132232499,7.935127132232499,7.935127132232499,7.935127132232499,7.935127132232499,7.935127132232499,7.935127132232499,7.935127132232499,7.935127132232499,7.935127132232499,7.935127132232499,7.935127132232499,7.935127132232499,7.935127132232499,7.935127132232499,7.935127132232499,7.935127132232499,7.935127132232499,7.935127132232499,7.935127132232499,7.935127132232499,7.935127132232499,7.935127132232499,7.935127132232499,7.935127132232499,7.935127132232499,7.935127132232499,7.935127132232499,7.935127132232499,7.935127132232499,7.935127132232499,7.935127132232499,7.935127132232499,7.935127132232499,7.935127132232499,7.935127132232499,7.935127132232499,7.935127132232499,7.935127132232499,7.935127132232499,7.935127132232499,7.935127132232499,7.935127132232499,7.935127132232499,7.935127132232499,7.935127132232499,7.935127132232499,7.935127132232499,7.935127132232499,7.935127132232499,7.935127132232499,7.935127132232499,7.935127132232499,7.935127132232499,7.935127132232499,7.935127132232499,7.935127132232499,7.935127132232499,7.935127132232499,7.935127132232499,7.935127132232499,7.935127132232499,7.935127132232499,7.935127132232499,7.935127132232499,7.935127132232499,7.935127132232499,7.935127132232499,7.935127132232499,7.935127132232499,7.935127132232499,7.935127132232499,7.935127132232499,7.935127132232499,7.935127132232499,7.935127132232499,7.935127132232499,7.935127132232499,7.935127132232499,7.935127132232499,7.935127132232499,7.935127132232499,7.935127132232499,7.935127132232499,7.935127132232499,7.935127132232499,7.935127132232499,7.935127132232499,7.935127132232499,7.935127132232499,7.935127132232499,7.935127132232499,7.935127132232499,7.935127132232499,7.935127132232499,7.935127132232499,7.935127132232499,7.935127132232499,7.935127132232499,7.935127132232499,7.935127132232499,7.935127132232499,7.935127132232499,7.935127132232499,7.935127132232499,7.935127132232499,7.935127132232499,7.935127132232499,7.935127132232499,7.935127132232499,7.935127132232499,7.935127132232499,7.935127132232499,7.935127132232499,7.935127132232499,7.935127132232499,7.935127132232499,7.935127132232499,7.935127132232499,7.935127132232499,7.935127132232499,7.935127132232499,7.935127132232499,7.935127132232499,7.935127132232499,7.935127132232499,7.935127132232499,7.935127132232499,7.935127132232499,7.935127132232499,7.935127132232499,7.935127132232499,7.935127132232499,7.935127132232499,7.935127132232499,7.935127132232499,7.935127132232499,7.935127132232499,7.935127132232499,7.935127132232499,7.935127132232499,7.935127132232499,7.935127132232499,7.935127132232499,7.935127132232499,7.935127132232499,7.935127132232499,7.935127132232499,7.935127132232499,7.935127132232499,7.935127132232499,7.935127132232499,7.935127132232499,7.935127132232499,7.935127132232499,7.935127132232499,7.935127132232499,7.935127132232499,7.935127132232499,7.935127132232499
0,2.0,2.7714285714285714,4.552238805970149,5.181818181818182,5.5038167938931295,5.947368421052632,6.009756097560976,6.368200836820083,6.696864111498257,6.859701492537313,7.0861618798955615,7.225058004640371,7.286012526096034,7.411764705882353,7.488695652173913,7.515248796147673,7.597615499254844,7.668984700973574,7.668984700973574,7.668984700973574,7.668984700973574,7.668984700973574,7.668984700973574,7.668984700973574,7.668984700973574,7.668984700973574,7.668984700973574,7.668984700973574,7.668984700973574,7.668984700973574,7.668984700973574,7.668984700973574,7.668984700973574,7.668984700973574,7.668984700973574,7.668984700973574,7.668984700973574,7.668984700973574,7.668984700973574,7.668984700973574,7.668984700973574,7.668984700973574,7.668984700973574,7.668984700973574,7.668984700973574,7.668984700973574,7.668984700973574,7.668984700973574,7.668984700973574,7.668984700973574,7.668984700973574,7.668984700973574,7.668984700973574,7.668984700973574,7.668984700973574,7.668984700973574,7.668984700973574,7.668984700973574,7.668984700973574,7.668984700973574,7.668984700973574,7.668984700973574,7.668984700973574,7.668984700973574,7.668984700973574,7.668984700973574,7.668984700973574,7.668984700973574,7.668984700973574,7.668984700973574,7.668984700973574,7.668984700973574,7.668984700973574,7.668984700973574,7.668984700973574,7.668984700973574,7.668984700973574,7.668984700973574,7.668984700973574,7.668984700973574,7.668984700973574,7.668984700973574,7.668984700973574,7.668984700973574,7.668984700973574,7.668984700973574,7.668984700973574,7.668984700973574,7.668984700973574,7.668984700973574,7.668984700973574,7.668984700973574,7.668984700973574,7.668984700973574,7.668984700973574,7.668984700973574,7.668984700973574,7.668984700973574,7.668984700973574,7.668984700973574,7.668984700973574,7.668984700973574,7.668984700973574,7.668984700973574,7.668984700973574,7.668984700973574,7.668984700973574,7.668984700973574,7.668984700973574,7.668984700973574,7.668984700973574,7.668984700973574,7.668984700973574,7.668984700973574,7.668984700973574,7.668984700973574,7.668984700973574,7.668984700973574,7.668984700973574,7.668984700973574,7.668984700973574,7.668984700973574,7.668984700973574,7.668984700973574,7.668984700973574,7.668984700973574,7.668984700973574,7.668984700973574,7.668984700973574,7.668984700973574,7.668984700973574,7.668984700973574,7.668984700973574,7.668984700973574,7.668984700973574,7.668984700973574,7.668984700973574,7.668984700973574,7.668984700973574,7.668984700973574,7.668984700973574,7.668984700973574,7.668984700973574,7.668984700973574,7.668984700973574,7.668984700973574,7.668984700973574,7.668984700973574,7.668984700973574,7.668984700973574,7.668984700973574,7.668984700973574,7.668984700973574,7.668984700973574,7.668984700973574,7.668984700973574,7.668984700973574,7.668984700973574,7.668984700973574,7.668984700973574,7.668984700973574,7.668984700973574,7.668984700973574,7.668984700973574,7.668984700973574,7.668984700973574,7.668984700973574,7.668984700973574,7.668984700973574,7.668984700973574,7.668984700973574,7.668984700973574,7.668984700973574,7.668984700973574,7.668984700973574,7.668984700973574,7.668984700973574,7.668984700973574,7.668984700973574,7.668984700973574,7.668984700973574,7.668984700973574,7.668984700973574,7.668984700973574,7.668984700973574,7.668984700973574,7.668984700973574,7.668984700973574,7.668984700973574,7.668984700973574,7.668984700973574,7.668984700973574,7.668984700973574,7.668984700973574,7.668984700973574,7.668984700973574,7.668984700973574,7.668984700973574,7.668984700973574,7.668984700973574,7.668984700973574,7.668984700973574,7.668984700973574,7.668984700973574,7.668984700973574,7.668984700973574,7.668984700973574,7.668984700973574,7.668984700973574,7.668984700973574,7.668984700973574,7.668984700973574,7.668984700973574,7.668984700973574,7.668984700973574,7.668984700973574,7.668984700973574,7.668984700973574,7.668984700973574,7.668984700973574,7.668984700973574,7.668984700973574,7.668984700973574,7.668984700973574,7.668984700973574,7.668984700973574,7.668984700973574,7.668984700973574,7.668984700973574,7.668984700973574,7.668984700973574,7.668984700973574,7.668984700973574,7.668984700973574,7.668984700973574,7.668984700973574,7.668984700973574,7.668984700973574,7.668984700973574,7.668984700973574,7.668984700973574,7.668984700973574,7.668984700973574,7.668984700973574,7.668984700973574,7.668984700973574,7.668984700973574,7.668984700973574,7.668984700973574,7.668984700973574,7.668984700973574,7.668984700973574,7.668984700973574,7.668984700973574,7.668984700973574,7.668984700973574,7.668984700973574,7.668984700973574,7.668984700973574,7.668984700973574,7.668984700973574,7.668984700973574,7.668984700973574,7.668984700973574,7.668984700973574,7.668984700973574,7.668984700973574,7.668984700973574,7.668984700973574,7.668984700973574,7.668984700973574,7.668984700973574,7.668984700973574,7.668984700973574,7.668984700973574,7.668984700973574,7.668984700973574,7.668984700973574,7.668984700973574,7.668984700973574,7.668984700973574,7.668984700973574,7.668984700973574,7.668984700973574,7.668984700973574,7.668984700973574,7.668984700973574,7.668984700973574,7.668984700973574,7.668984700973574,7.668984700973574,7.668984700973574,7.668984700973574,7.668984700973574,7.668984700973574,7.668984700973574,7.668984700973574,7.668984700973574,7.668984700973574
0,6.5,6.5,6.5,6.5,6.5,6.5,6.5,6.5,6.5,6.5,6.5,6.5,6.5,6.5,6.5,6.5,6.5,6.5,6.5,6.5,6.5,6.5,6.5,6.5,6.5,6.5,6.5,6.5,6.5,6.5,6.5,6.5,6.5,6.5,6.5,6.5,6.5,6.5,6.5,6.5,6.5,6.5,6.5,6.5,6.5,6.5,6.5,6.5,6.5,6.5,6.5,6.5,6.5,6.5,6.5,6.5,6.5,6.5,6.5,6.5,6.5,6.5,6.5,6.5,6.5,6.5,6.5,6.5,6.5,6.5,6.5,6.5,6.5,6.5,6.5,6.5,6.5,6.5,6.5,6.5,6.5,6.5,6.5,6.5,6.5,6.5,6.5,6.5,6.5,6.5,6.5,6.5,6.5,6.5,6.5,6.5,6.5,6.5,6.5,6.5,6.5,6.5,6.5,6.5,6.5,6.5,6.5,6.5,6.5,6.5,6.5,6.5,6.5,6.5,6.5,6.5,6.5,6.5,6.5,6.5,6.5,6.5,6.5,6.5,6.5,6.5,6.5,6.5,6.5,6.5,6.5,6.5,6.5,6.5,6.5,6.5,6.5,6.5,6.5,6.5,6.5,6.5,6.5,6.5,6.5,6.5,6.5,6.5,6.5,6.5,6.5,6.5,6.5,6.5,6.5,6.5,6.5,6.5,6.5,6.5,6.5,6.5,6.5,6.5,6.5,6.5,6.5,6.5,6.5,6.5,6.5,6.5,6.5,6.5,6.5,6.5,6.5,6.5,6.5,6.5,6.5,6.5,6.5,6.5,6.5,6.5,6.5,6.5,6.5,6.5,6.5,6.5,6.5,6.5,6.5,6.5,6.5,6.5,6.5,6.5,6.5,6.5,6.5,6.5,6.5,6.5,6.5,6.5,6.5,6.5,6.5,6.5,6.5,6.5,6.5,6.5,6.5,6.5,6.5,6.5,6.5,6.5,6.5,6.5,6.5,6.5,6.5,6.5,6.5,6.5,6.5,6.5,6.5,6.5,6.5,6.5,6.5,6.5,6.5,6.5,6.5,6.5,6.5,6.5,6.5,6.5,6.5,6.5,6.5,6.5,6.5,6.5,6.5,6.5,6.5,6.5,6.5,6.5,6.5,6.5,6.5,6.5,6.5,6.5,6.5,6.5,6.5,6.5,6.5,6.5,6.5,6.5,6.5,6.5,6.5,6.5,6.5,6.5,6.5,6.5,6.5,6.5,6.5,6.5,6.5,6.5,6.5,6.5,6.5,6.5,6.5,6.5,6.5,6.5,6.5,6.5,6.5,6.5,6.5
